0.000000 0.996989
1.000000 0.996869
2.000000 0.996710
3.000000 0.995484
4.000000 0.994965
5.000000 0.993829
6.000000 0.992872
7.000000 0.991227
8.000000 0.988884
9.000000 0.987618
10.000000 0.985653
11.000000 0.982363
12.000000 0.976960
13.000000 0.973500
14.000000 0.966781
15.000000 0.960151
16.000000 0.950430
17.000000 0.939912
18.000000 0.928646
19.000000 0.913552
20.000000 0.890392
21.000000 0.866734
22.000000 0.836994
23.000000 0.805260
24.000000 0.759578
25.000000 0.711873
26.000000 0.657159
27.000000 0.589474
28.000000 0.519506
29.000000 0.451721
30.000000 0.373149
31.000000 0.288875
32.000000 0.217262
33.000000 0.154831
34.000000 0.105062
35.000000 0.061753
36.000000 0.034605
37.000000 0.016321
38.000000 0.007467
39.000000 0.002572
40.000000 0.000698
41.000000 0.000140
42.000000 0.000040
43.000000 0.000000
44.000000 0.000000
45.000000 0.000000
46.000000 0.000000
47.000000 0.000000
48.000000 0.000000
49.000000 0.000000
50.000000 0.000000
0.000000 0.997398
1.000000 0.996740
2.000000 0.996690
3.000000 0.995713
4.000000 0.994756
5.000000 0.993639
6.000000 0.993061
7.000000 0.991187
8.000000 0.989103
9.000000 0.987996
10.000000 0.984637
11.000000 0.981556
12.000000 0.977249
13.000000 0.972663
14.000000 0.967837
15.000000 0.960629
16.000000 0.950081
17.000000 0.939852
18.000000 0.927101
19.000000 0.911099
20.000000 0.890392
21.000000 0.865169
22.000000 0.836426
23.000000 0.801781
24.000000 0.756308
25.000000 0.707875
26.000000 0.652573
27.000000 0.590521
28.000000 0.529735
29.000000 0.445380
30.000000 0.367546
31.000000 0.289603
32.000000 0.215766
33.000000 0.159397
34.000000 0.101592
35.000000 0.061205
36.000000 0.033688
37.000000 0.017647
38.000000 0.007507
39.000000 0.002253
40.000000 0.000837
41.000000 0.000189
42.000000 0.000020
43.000000 0.000010
44.000000 0.000000
45.000000 0.000000
46.000000 0.000000
47.000000 0.000000
48.000000 0.000000
49.000000 0.000000
50.000000 0.000000
0.000000 0.997228
1.000000 0.996860
2.000000 0.995912
3.000000 0.995234
4.000000 0.994786
5.000000 0.993569
6.000000 0.992563
7.000000 0.991665
8.000000 0.989621
9.000000 0.988116
10.000000 0.984726
11.000000 0.982284
12.000000 0.978615
13.000000 0.972972
14.000000 0.967818
15.000000 0.960181
16.000000 0.950839
17.000000 0.939354
18.000000 0.927240
19.000000 0.910242
20.000000 0.890721
21.000000 0.868279
22.000000 0.835867
23.000000 0.799049
24.000000 0.757594
25.000000 0.715532
26.000000 0.649512
27.000000 0.594060
28.000000 0.518639
29.000000 0.446936
30.000000 0.375413
31.000000 0.293102
32.000000 0.219176
33.000000 0.147702
34.000000 0.099738
35.000000 0.061912
36.000000 0.030797
37.000000 0.017647
38.000000 0.007457
39.000000 0.002891
40.000000 0.000748
41.000000 0.000189
42.000000 0.000040
43.000000 0.000010
44.000000 0.000000
45.000000 0.000000
46.000000 0.000000
47.000000 0.000000
48.000000 0.000000
49.000000 0.000000
50.000000 0.000000
0.000000 0.997348
1.000000 0.996780
2.000000 0.996481
3.000000 0.995484
4.000000 0.994566
5.000000 0.994068
6.000000 0.992842
7.000000 0.991147
8.000000 0.989970
9.000000 0.987548
10.000000 0.985165
11.000000 0.981676
12.000000 0.977658
13.000000 0.971885
14.000000 0.967598
15.000000 0.961706
16.000000 0.951188
17.000000 0.940281
18.000000 0.927589
19.000000 0.912356
20.000000 0.890083
21.000000 0.867970
22.000000 0.838370
23.000000 0.803665
24.000000 0.760755
25.000000 0.712272
26.000000 0.656052
27.000000 0.594558
28.000000 0.519486
29.000000 0.441931
30.000000 0.369959
31.000000 0.285864
32.000000 0.223114
33.000000 0.158709
34.000000 0.102270
35.000000 0.062311
36.000000 0.039909
37.000000 0.019621
38.000000 0.010408
39.000000 0.004526
40.000000 0.002433
41.000000 0.001635
42.000000 0.001426
43.000000 0.001166
44.000000 0.000837
45.000000 0.000937
46.000000 0.000897
47.000000 0.000688
48.000000 0.000349
49.000000 0.000359
50.000000 0.000120
0.000000 0.997368
1.000000 0.996431
2.000000 0.996580
3.000000 0.995534
4.000000 0.994985
5.000000 0.994068
6.000000 0.993091
7.000000 0.991795
8.000000 0.990080
9.000000 0.987907
10.000000 0.985693
11.000000 0.982254
12.000000 0.977837
13.000000 0.974108
14.000000 0.967788
15.000000 0.960041
16.000000 0.952843
17.000000 0.940371
18.000000 0.928596
19.000000 0.911129
20.000000 0.891798
21.000000 0.872147
22.000000 0.840723
23.000000 0.805868
24.000000 0.762270
25.000000 0.709490
26.000000 0.662712
27.000000 0.601497
28.000000 0.526684
29.000000 0.455330
30.000000 0.379620
31.000000 0.300370
32.000000 0.228787
33.000000 0.164551
34.000000 0.115012
35.000000 0.072022
36.000000 0.044176
37.000000 0.022881
38.000000 0.014536
39.000000 0.009451
40.000000 0.006939
41.000000 0.006381
42.000000 0.006022
43.000000 0.005842
44.000000 0.005773
45.000000 0.005713
46.000000 0.005384
47.000000 0.005284
48.000000 0.005234
49.000000 0.005005
50.000000 0.004925
0.000000 0.998225
1.000000 0.997847
2.000000 0.997617
3.000000 0.997049
4.000000 0.996172
5.000000 0.995514
6.000000 0.994766
7.000000 0.993450
8.000000 0.992004
9.000000 0.990339
10.000000 0.988904
11.000000 0.985933
12.000000 0.983949
13.000000 0.980200
14.000000 0.974268
15.000000 0.969762
16.000000 0.962892
17.000000 0.955914
18.000000 0.943661
19.000000 0.930889
20.000000 0.915925
21.000000 0.900402
22.000000 0.875427
23.000000 0.848210
24.000000 0.813465
25.000000 0.777365
26.000000 0.730088
27.000000 0.675015
28.000000 0.615405
29.000000 0.549684
30.000000 0.476008
31.000000 0.399948
32.000000 0.320429
33.000000 0.256812
34.000000 0.190393
35.000000 0.129936
36.000000 0.091313
37.000000 0.057147
38.000000 0.039979
39.000000 0.026061
40.000000 0.018743
41.000000 0.015842
42.000000 0.014596
43.000000 0.014167
44.000000 0.013848
45.000000 0.013868
46.000000 0.013629
47.000000 0.013569
48.000000 0.013180
49.000000 0.013170
50.000000 0.012711
0.000000 0.998903
1.000000 0.998973
2.000000 0.999133
3.000000 0.999023
4.000000 0.999033
5.000000 0.998983
6.000000 0.998933
7.000000 0.998983
8.000000 0.998963
9.000000 0.999083
10.000000 0.999173
11.000000 0.998903
12.000000 0.999163
13.000000 0.999143
14.000000 0.999003
15.000000 0.998883
16.000000 0.998973
17.000000 0.998883
18.000000 0.998893
19.000000 0.999023
20.000000 0.998704
21.000000 0.998923
22.000000 0.998963
23.000000 0.998853
24.000000 0.998764
25.000000 0.998564
26.000000 0.998554
27.000000 0.998734
28.000000 0.998345
29.000000 0.998345
30.000000 0.998006
31.000000 0.997916
32.000000 0.997248
33.000000 0.997597
34.000000 0.996431
35.000000 0.996202
36.000000 0.996152
37.000000 0.995065
38.000000 0.994008
39.000000 0.993250
40.000000 0.991665
41.000000 0.989841
42.000000 0.987488
43.000000 0.985404
44.000000 0.983011
45.000000 0.978585
46.000000 0.973859
47.000000 0.967957
48.000000 0.961726
49.000000 0.953032
50.000000 0.943102
