0.000000 0.995843
1.000000 0.995544
2.000000 0.994457
3.000000 0.993470
4.000000 0.992244
5.000000 0.991266
6.000000 0.988624
7.000000 0.987109
8.000000 0.983879
9.000000 0.979851
10.000000 0.975145
11.000000 0.969921
12.000000 0.963939
13.000000 0.956382
14.000000 0.945904
15.000000 0.933821
16.000000 0.917540
17.000000 0.902984
18.000000 0.878259
19.000000 0.851969
20.000000 0.817812
21.000000 0.780017
22.000000 0.734225
23.000000 0.683150
24.000000 0.621886
25.000000 0.550023
26.000000 0.481162
27.000000 0.397705
28.000000 0.316850
29.000000 0.239026
30.000000 0.168280
31.000000 0.109319
32.000000 0.063807
33.000000 0.033030
34.000000 0.013928
35.000000 0.004935
36.000000 0.001306
37.000000 0.000199
38.000000 0.000030
39.000000 0.000000
40.000000 0.000000
41.000000 0.000000
42.000000 0.000000
43.000000 0.000000
44.000000 0.000000
45.000000 0.000000
46.000000 0.000000
47.000000 0.000000
48.000000 0.000000
49.000000 0.000000
50.000000 0.000000
0.000000 0.997946
1.000000 0.998026
2.000000 0.997737
3.000000 0.997587
4.000000 0.997537
5.000000 0.997398
6.000000 0.997019
7.000000 0.996820
8.000000 0.996630
9.000000 0.997069
10.000000 0.996421
11.000000 0.996531
12.000000 0.996172
13.000000 0.996261
14.000000 0.995912
15.000000 0.995882
16.000000 0.996291
17.000000 0.996301
18.000000 0.996231
19.000000 0.996241
20.000000 0.996032
21.000000 0.995922
22.000000 0.996341
23.000000 0.996271
24.000000 0.996391
25.000000 0.996471
26.000000 0.996421
27.000000 0.996052
28.000000 0.996231
29.000000 0.996082
30.000000 0.996261
31.000000 0.996251
32.000000 0.996281
33.000000 0.996221
34.000000 0.996261
35.000000 0.996231
36.000000 0.996221
37.000000 0.996221
38.000000 0.996221
39.000000 0.996221
40.000000 0.996221
41.000000 0.996221
42.000000 0.996221
43.000000 0.996221
44.000000 0.996221
45.000000 0.996221
46.000000 0.996221
47.000000 0.996221
48.000000 0.996221
49.000000 0.996221
50.000000 0.996221
0.000000 0.998674
1.000000 0.998594
2.000000 0.998674
3.000000 0.998475
4.000000 0.998574
5.000000 0.998544
6.000000 0.998644
7.000000 0.998335
8.000000 0.998205
9.000000 0.998465
10.000000 0.998445
11.000000 0.998146
12.000000 0.998534
13.000000 0.998126
14.000000 0.998136
15.000000 0.998295
16.000000 0.998365
17.000000 0.998096
18.000000 0.998325
19.000000 0.998096
20.000000 0.998026
21.000000 0.997946
22.000000 0.997787
23.000000 0.997488
24.000000 0.997368
25.000000 0.997298
26.000000 0.997069
27.000000 0.996850
28.000000 0.996610
29.000000 0.996481
30.000000 0.996471
31.000000 0.996202
32.000000 0.996182
33.000000 0.996082
34.000000 0.996042
35.000000 0.996022
36.000000 0.996012
37.000000 0.996012
38.000000 0.996012
39.000000 0.996012
40.000000 0.996012
41.000000 0.996012
42.000000 0.996012
43.000000 0.996012
44.000000 0.996012
45.000000 0.996012
46.000000 0.996012
47.000000 0.996012
48.000000 0.996012
49.000000 0.996012
50.000000 0.996012
0.000000 0.998774
1.000000 0.998923
2.000000 0.998943
3.000000 0.998664
4.000000 0.998834
5.000000 0.998734
6.000000 0.998804
7.000000 0.998794
8.000000 0.998883
9.000000 0.998814
10.000000 0.998724
11.000000 0.998754
12.000000 0.998674
13.000000 0.998674
14.000000 0.998524
15.000000 0.998634
16.000000 0.998435
17.000000 0.998405
18.000000 0.998176
19.000000 0.998205
20.000000 0.998026
21.000000 0.997996
22.000000 0.998066
23.000000 0.997607
24.000000 0.997617
25.000000 0.997508
26.000000 0.997228
27.000000 0.997009
28.000000 0.996989
29.000000 0.996780
30.000000 0.996511
31.000000 0.996481
32.000000 0.996341
33.000000 0.996291
34.000000 0.996281
35.000000 0.996261
36.000000 0.996241
37.000000 0.996241
38.000000 0.996241
39.000000 0.996241
40.000000 0.996241
41.000000 0.996241
42.000000 0.996241
43.000000 0.996241
44.000000 0.996241
45.000000 0.996241
46.000000 0.996241
47.000000 0.996241
48.000000 0.996241
49.000000 0.996241
50.000000 0.996241
0.000000 0.998893
1.000000 0.998834
2.000000 0.998853
3.000000 0.998933
4.000000 0.998943
5.000000 0.998834
6.000000 0.998883
7.000000 0.998973
8.000000 0.998923
9.000000 0.998664
10.000000 0.998873
11.000000 0.998774
12.000000 0.998554
13.000000 0.998435
14.000000 0.998574
15.000000 0.998475
16.000000 0.998335
17.000000 0.998305
18.000000 0.998315
19.000000 0.998126
20.000000 0.997847
21.000000 0.998016
22.000000 0.997817
23.000000 0.997498
24.000000 0.997318
25.000000 0.997288
26.000000 0.996919
27.000000 0.996929
28.000000 0.996780
29.000000 0.996590
30.000000 0.996471
31.000000 0.996261
32.000000 0.996172
33.000000 0.996122
34.000000 0.996062
35.000000 0.996062
36.000000 0.996072
37.000000 0.996052
38.000000 0.996052
39.000000 0.996052
40.000000 0.996052
41.000000 0.996052
42.000000 0.996052
43.000000 0.996052
44.000000 0.996052
45.000000 0.996052
46.000000 0.996052
47.000000 0.996052
48.000000 0.996052
49.000000 0.996052
50.000000 0.996052
0.000000 0.998893
1.000000 0.998993
2.000000 0.998943
3.000000 0.999033
4.000000 0.998814
5.000000 0.998943
6.000000 0.998814
7.000000 0.998853
8.000000 0.998634
9.000000 0.998744
10.000000 0.998804
11.000000 0.998614
12.000000 0.998704
13.000000 0.998544
14.000000 0.998425
15.000000 0.998465
16.000000 0.998265
17.000000 0.998285
18.000000 0.998245
19.000000 0.998096
20.000000 0.998185
21.000000 0.997936
22.000000 0.997717
23.000000 0.997547
24.000000 0.997508
25.000000 0.997189
26.000000 0.997079
27.000000 0.996869
28.000000 0.996521
29.000000 0.996451
30.000000 0.996341
31.000000 0.996162
32.000000 0.996052
33.000000 0.996022
34.000000 0.995992
35.000000 0.995962
36.000000 0.995942
37.000000 0.995932
38.000000 0.995932
39.000000 0.995932
40.000000 0.995922
41.000000 0.995922
42.000000 0.995932
43.000000 0.995932
44.000000 0.995932
45.000000 0.995932
46.000000 0.995932
47.000000 0.995932
48.000000 0.995932
49.000000 0.995932
50.000000 0.995932
0.000000 0.998923
1.000000 0.998963
2.000000 0.998774
3.000000 0.999043
4.000000 0.998933
5.000000 0.998834
6.000000 0.998694
7.000000 0.998784
8.000000 0.998863
9.000000 0.998863
10.000000 0.998903
11.000000 0.998704
12.000000 0.998634
13.000000 0.998804
14.000000 0.998594
15.000000 0.998485
16.000000 0.998485
17.000000 0.998475
18.000000 0.998405
19.000000 0.998235
20.000000 0.998166
21.000000 0.998086
22.000000 0.998026
23.000000 0.997827
24.000000 0.997837
25.000000 0.997378
26.000000 0.997248
27.000000 0.997368
28.000000 0.996929
29.000000 0.996830
30.000000 0.996690
31.000000 0.996461
32.000000 0.996231
33.000000 0.996192
34.000000 0.996182
35.000000 0.996062
36.000000 0.996012
37.000000 0.996022
38.000000 0.995992
39.000000 0.996012
40.000000 0.996012
41.000000 0.996022
42.000000 0.996022
43.000000 0.996032
44.000000 0.996012
45.000000 0.996002
46.000000 0.995992
47.000000 0.996032
48.000000 0.996022
49.000000 0.996022
50.000000 0.996022
