-10.000000 0.998804
-9.000000 0.998834
-8.000000 0.998674
-7.000000 0.998634
-6.000000 0.998554
-5.000000 0.998295
-4.000000 0.998405
-3.000000 0.998056
-2.000000 0.997847
-1.000000 0.997777
0.000000 0.996879
1.000000 0.996730
2.000000 0.996271
3.000000 0.995633
4.000000 0.994856
5.000000 0.993659
6.000000 0.992682
7.000000 0.991635
8.000000 0.989970
9.000000 0.988226
10.000000 0.985055
11.000000 0.981297
12.000000 0.977698
13.000000 0.973012
14.000000 0.967319
15.000000 0.960928
16.000000 0.950959
17.000000 0.941278
18.000000 0.927290
19.000000 0.912236
20.000000 0.890970
21.000000 0.868798
22.000000 0.840144
23.000000 0.807224
24.000000 0.770316
25.000000 0.727835
26.000000 0.673629
27.000000 0.617339
28.000000 0.557880
29.000000 0.492956
30.000000 0.421872
31.000000 0.346291
32.000000 0.290420
33.000000 0.229465
34.000000 0.168071
35.000000 0.127115
36.000000 0.086468
37.000000 0.056220
38.000000 0.034954
39.000000 0.021804
40.000000 0.009551
41.000000 0.005463
42.000000 0.002562
43.000000 0.000638
44.000000 0.000279
45.000000 0.000040
46.000000 0.000000
47.000000 0.000000
48.000000 0.000010
49.000000 0.000000
50.000000 0.000000
