0.000000 0.996092
1.000000 0.995683
2.000000 0.994945
3.000000 0.993719
4.000000 0.992413
5.000000 0.990608
6.000000 0.989452
7.000000 0.987039
8.000000 0.982762
9.000000 0.978944
10.000000 0.974846
11.000000 0.969861
12.000000 0.963411
13.000000 0.955794
14.000000 0.944558
15.000000 0.932893
16.000000 0.919464
17.000000 0.901638
18.000000 0.879246
19.000000 0.852088
20.000000 0.817792
21.000000 0.779997
22.000000 0.732790
23.000000 0.680707
24.000000 0.619882
25.000000 0.548309
26.000000 0.479976
27.000000 0.396808
28.000000 0.312593
29.000000 0.239245
30.000000 0.167642
31.000000 0.106118
32.000000 0.062491
33.000000 0.032113
34.000000 0.013868
35.000000 0.004766
36.000000 0.001256
37.000000 0.000309
38.000000 0.000050
39.000000 0.000000
40.000000 0.000000
41.000000 0.000000
42.000000 0.000000
43.000000 0.000000
44.000000 0.000000
45.000000 0.000000
46.000000 0.000000
47.000000 0.000000
48.000000 0.000000
49.000000 0.000000
50.000000 0.000000
0.000000 0.998046
1.000000 0.997906
2.000000 0.997886
3.000000 0.997527
4.000000 0.997328
5.000000 0.997268
6.000000 0.997039
7.000000 0.996999
8.000000 0.996810
9.000000 0.996860
10.000000 0.996570
11.000000 0.996610
12.000000 0.996710
13.000000 0.996590
14.000000 0.996142
15.000000 0.996331
16.000000 0.996122
17.000000 0.996710
18.000000 0.996172
19.000000 0.995972
20.000000 0.996221
21.000000 0.996042
22.000000 0.996221
23.000000 0.996152
24.000000 0.996521
25.000000 0.996112
26.000000 0.996142
27.000000 0.996142
28.000000 0.996162
29.000000 0.996271
30.000000 0.996132
31.000000 0.996172
32.000000 0.996182
33.000000 0.996202
34.000000 0.996202
35.000000 0.996162
36.000000 0.996162
37.000000 0.996152
38.000000 0.996162
39.000000 0.996162
40.000000 0.996162
41.000000 0.996162
42.000000 0.996162
43.000000 0.996162
44.000000 0.996162
45.000000 0.996162
46.000000 0.996162
47.000000 0.996162
48.000000 0.996162
49.000000 0.996162
50.000000 0.996162
0.000000 0.998734
1.000000 0.998515
2.000000 0.998594
3.000000 0.998455
4.000000 0.998255
5.000000 0.998405
6.000000 0.998265
7.000000 0.998335
8.000000 0.998295
9.000000 0.998335
10.000000 0.998495
11.000000 0.998146
12.000000 0.998365
13.000000 0.998355
14.000000 0.998146
15.000000 0.998534
16.000000 0.998166
17.000000 0.998255
18.000000 0.998156
19.000000 0.998245
20.000000 0.997946
21.000000 0.998016
22.000000 0.997807
23.000000 0.997697
24.000000 0.997348
25.000000 0.997248
26.000000 0.997059
27.000000 0.997019
28.000000 0.996730
29.000000 0.996610
30.000000 0.996451
31.000000 0.996341
32.000000 0.996221
33.000000 0.996192
34.000000 0.996102
35.000000 0.996102
36.000000 0.996102
37.000000 0.996092
38.000000 0.996092
39.000000 0.996092
40.000000 0.996092
41.000000 0.996092
42.000000 0.996092
43.000000 0.996092
44.000000 0.996092
45.000000 0.996092
46.000000 0.996092
47.000000 0.996092
48.000000 0.996092
49.000000 0.996092
50.000000 0.996092
0.000000 0.998923
1.000000 0.999013
2.000000 0.998734
3.000000 0.999013
4.000000 0.998744
5.000000 0.998973
6.000000 0.998754
7.000000 0.998883
8.000000 0.998754
9.000000 0.998744
10.000000 0.998684
11.000000 0.998774
12.000000 0.998873
13.000000 0.998774
14.000000 0.998624
15.000000 0.998524
16.000000 0.998505
17.000000 0.998415
18.000000 0.998395
19.000000 0.998106
20.000000 0.998225
21.000000 0.998146
22.000000 0.997936
23.000000 0.997747
24.000000 0.997687
25.000000 0.997438
26.000000 0.997278
27.000000 0.997099
28.000000 0.996810
29.000000 0.996889
30.000000 0.996550
31.000000 0.996411
32.000000 0.996321
33.000000 0.996321
34.000000 0.996291
35.000000 0.996261
36.000000 0.996251
37.000000 0.996251
38.000000 0.996251
39.000000 0.996251
40.000000 0.996261
41.000000 0.996251
42.000000 0.996251
43.000000 0.996251
44.000000 0.996251
45.000000 0.996251
46.000000 0.996251
47.000000 0.996251
48.000000 0.996251
49.000000 0.996251
50.000000 0.996251
0.000000 0.998844
1.000000 0.999013
2.000000 0.998794
3.000000 0.998853
4.000000 0.998804
5.000000 0.998923
6.000000 0.998873
7.000000 0.998844
8.000000 0.998824
9.000000 0.998614
10.000000 0.998564
11.000000 0.998624
12.000000 0.998564
13.000000 0.998584
14.000000 0.998524
15.000000 0.998614
16.000000 0.998395
17.000000 0.998325
18.000000 0.998066
19.000000 0.998205
20.000000 0.997876
21.000000 0.997837
22.000000 0.997717
23.000000 0.997737
24.000000 0.997278
25.000000 0.997079
26.000000 0.997089
27.000000 0.996840
28.000000 0.996531
29.000000 0.996391
30.000000 0.996381
31.000000 0.996202
32.000000 0.996062
33.000000 0.995992
34.000000 0.996022
35.000000 0.995942
36.000000 0.995942
37.000000 0.995942
38.000000 0.995952
39.000000 0.995942
40.000000 0.995952
41.000000 0.995942
42.000000 0.995952
43.000000 0.995952
44.000000 0.995952
45.000000 0.995942
46.000000 0.995952
47.000000 0.995952
48.000000 0.995952
49.000000 0.995952
50.000000 0.995952
0.000000 0.999073
1.000000 0.999023
2.000000 0.998824
3.000000 0.998834
4.000000 0.998654
5.000000 0.998913
6.000000 0.998883
7.000000 0.998834
8.000000 0.998634
9.000000 0.998754
10.000000 0.998853
11.000000 0.998515
12.000000 0.998584
13.000000 0.998714
14.000000 0.998554
15.000000 0.998524
16.000000 0.998614
17.000000 0.998345
18.000000 0.998205
19.000000 0.998215
20.000000 0.998305
21.000000 0.998036
22.000000 0.997837
23.000000 0.997597
24.000000 0.997527
25.000000 0.997268
26.000000 0.997268
27.000000 0.997318
28.000000 0.996909
29.000000 0.996560
30.000000 0.996640
31.000000 0.996421
32.000000 0.996211
33.000000 0.996182
34.000000 0.996092
35.000000 0.996032
36.000000 0.996002
37.000000 0.996002
38.000000 0.995992
39.000000 0.996002
40.000000 0.996002
41.000000 0.995992
42.000000 0.995982
43.000000 0.996002
44.000000 0.996002
45.000000 0.995982
46.000000 0.996002
47.000000 0.995992
48.000000 0.995992
49.000000 0.995992
50.000000 0.996002
0.000000 0.998943
1.000000 0.999113
2.000000 0.999272
3.000000 0.998873
4.000000 0.999073
5.000000 0.999053
6.000000 0.998804
7.000000 0.999182
8.000000 0.999073
9.000000 0.999033
10.000000 0.999033
11.000000 0.998983
12.000000 0.998993
13.000000 0.999163
14.000000 0.999143
15.000000 0.999033
16.000000 0.998973
17.000000 0.998893
18.000000 0.999023
19.000000 0.998913
20.000000 0.998804
21.000000 0.999053
22.000000 0.998873
23.000000 0.998973
24.000000 0.998983
25.000000 0.999023
26.000000 0.998913
27.000000 0.998913
28.000000 0.999033
29.000000 0.998933
30.000000 0.999133
31.000000 0.998953
32.000000 0.999023
33.000000 0.998943
34.000000 0.999033
35.000000 0.998853
36.000000 0.998993
37.000000 0.998903
38.000000 0.998764
39.000000 0.998754
40.000000 0.998804
41.000000 0.998844
42.000000 0.998764
43.000000 0.998714
44.000000 0.998853
45.000000 0.998624
46.000000 0.998804
47.000000 0.998475
48.000000 0.998604
49.000000 0.998405
50.000000 0.998435
