0.000000 0.997667
1.000000 0.997677
2.000000 0.996780
3.000000 0.996251
4.000000 0.995563
5.000000 0.994477
6.000000 0.993370
7.000000 0.992762
8.000000 0.989592
9.000000 0.989352
10.000000 0.985943
11.000000 0.983181
12.000000 0.985604
13.000000 0.975863
14.000000 0.969851
15.000000 0.964039
16.000000 0.950470
17.000000 0.942684
18.000000 0.927948
19.000000 0.914978
20.000000 0.892446
21.000000 0.866853
22.000000 0.840962
23.000000 0.802947
24.000000 0.762081
25.000000 0.714286
26.000000 0.660399
27.000000 0.599015
28.000000 0.524391
29.000000 0.453027
30.000000 0.377018
31.000000 0.293232
32.000000 0.215427
33.000000 0.160962
34.000000 0.104703
35.000000 0.068313
36.000000 0.033947
37.000000 0.015603
38.000000 0.008953
39.000000 0.002223
40.000000 0.000877
41.000000 0.000249
42.000000 0.000040
43.000000 0.000000
44.000000 0.000000
45.000000 0.000000
46.000000 0.000000
47.000000 0.000000
48.000000 0.000000
49.000000 0.000000
50.000000 0.000000
