-10.000000 0.998873
-9.000000 0.998534
-8.000000 0.998844
-7.000000 0.998564
-6.000000 0.998524
-5.000000 0.998176
-4.000000 0.998185
-3.000000 0.998076
-2.000000 0.997298
-1.000000 0.996690
0.000000 0.995793
1.000000 0.994457
2.000000 0.993171
3.000000 0.990768
4.000000 0.986850
5.000000 0.982124
6.000000 0.972154
7.000000 0.959453
8.000000 0.939035
9.000000 0.906932
10.000000 0.860393
11.000000 0.795360
12.000000 0.706569
13.000000 0.601418
14.000000 0.480893
15.000000 0.351734
16.000000 0.241927
17.000000 0.153206
18.000000 0.085481
19.000000 0.045233
20.000000 0.018823
21.000000 0.006919
22.000000 0.002084
23.000000 0.000518
24.000000 0.000120
25.000000 0.000010
26.000000 0.000000
27.000000 0.000000
28.000000 0.000000
29.000000 0.000000
30.000000 0.000000
31.000000 0.000000
32.000000 0.000000
33.000000 0.000000
34.000000 0.000000
35.000000 0.000000
36.000000 0.000000
37.000000 0.000000
38.000000 0.000000
39.000000 0.000000
40.000000 0.000000
41.000000 0.000000
42.000000 0.000000
43.000000 0.000000
44.000000 0.000000
45.000000 0.000000
46.000000 0.000000
47.000000 0.000000
48.000000 0.000000
49.000000 0.000000
50.000000 0.000000
