0.000000 0.997358
1.000000 0.997009
2.000000 0.996162
3.000000 0.996032
4.000000 0.995394
5.000000 0.993948
6.000000 0.992732
7.000000 0.991087
8.000000 0.989512
9.000000 0.987657
10.000000 0.985404
11.000000 0.981147
12.000000 0.978196
13.000000 0.972583
14.000000 0.968296
15.000000 0.960649
16.000000 0.952464
17.000000 0.942036
18.000000 0.927410
19.000000 0.910900
20.000000 0.892057
21.000000 0.864959
22.000000 0.835239
23.000000 0.801472
24.000000 0.762649
25.000000 0.714505
26.000000 0.657478
27.000000 0.596772
28.000000 0.519027
29.000000 0.457514
30.000000 0.374884
31.000000 0.298206
32.000000 0.227182
33.000000 0.164821
34.000000 0.108441
35.000000 0.064176
36.000000 0.037227
37.000000 0.017607
38.000000 0.006889
39.000000 0.003011
40.000000 0.001007
41.000000 0.000209
42.000000 0.000030
43.000000 0.000000
44.000000 0.000000
45.000000 0.000000
46.000000 0.000000
47.000000 0.000000
48.000000 0.000000
49.000000 0.000000
50.000000 0.000000
0.000000 0.997288
1.000000 0.996580
2.000000 0.996301
3.000000 0.995294
4.000000 0.995075
5.000000 0.993769
6.000000 0.992931
7.000000 0.991047
8.000000 0.989492
9.000000 0.987408
10.000000 0.984766
11.000000 0.981705
12.000000 0.978924
13.000000 0.972852
14.000000 0.968156
15.000000 0.961088
16.000000 0.950201
17.000000 0.940430
18.000000 0.928566
19.000000 0.911369
20.000000 0.889943
21.000000 0.865149
22.000000 0.836645
23.000000 0.800824
24.000000 0.762958
25.000000 0.717346
26.000000 0.650748
27.000000 0.588437
28.000000 0.527751
29.000000 0.446477
30.000000 0.373119
31.000000 0.290779
32.000000 0.218907
33.000000 0.157244
34.000000 0.101732
35.000000 0.065581
36.000000 0.037566
37.000000 0.016410
38.000000 0.007178
39.000000 0.002502
40.000000 0.000798
41.000000 0.000169
42.000000 0.000040
43.000000 0.000010
44.000000 0.000000
45.000000 0.000000
46.000000 0.000000
47.000000 0.000000
48.000000 0.000000
49.000000 0.000000
50.000000 0.000000
0.000000 0.997368
1.000000 0.996760
2.000000 0.996670
3.000000 0.995882
4.000000 0.995005
5.000000 0.993789
6.000000 0.993081
7.000000 0.992014
8.000000 0.989761
9.000000 0.987428
10.000000 0.984627
11.000000 0.982324
12.000000 0.977638
13.000000 0.973590
14.000000 0.966272
15.000000 0.959652
16.000000 0.950011
17.000000 0.939035
18.000000 0.927290
19.000000 0.911807
20.000000 0.889595
21.000000 0.867322
22.000000 0.835399
23.000000 0.799986
24.000000 0.764364
25.000000 0.713867
26.000000 0.655005
27.000000 0.589833
28.000000 0.524850
29.000000 0.449149
30.000000 0.374655
31.000000 0.294577
32.000000 0.219375
33.000000 0.155429
34.000000 0.105760
35.000000 0.064554
36.000000 0.034545
37.000000 0.017347
38.000000 0.007527
39.000000 0.002562
40.000000 0.000847
41.000000 0.000169
42.000000 0.000070
43.000000 0.000010
44.000000 0.000000
45.000000 0.000000
46.000000 0.000000
47.000000 0.000000
48.000000 0.000000
49.000000 0.000000
50.000000 0.000000
0.000000 0.997079
1.000000 0.996740
2.000000 0.996401
3.000000 0.995693
4.000000 0.994547
5.000000 0.993809
6.000000 0.992602
7.000000 0.991805
8.000000 0.989970
9.000000 0.987149
10.000000 0.985474
11.000000 0.981885
12.000000 0.978246
13.000000 0.972603
14.000000 0.968515
15.000000 0.959114
16.000000 0.950998
17.000000 0.940341
18.000000 0.928477
19.000000 0.911349
20.000000 0.891479
21.000000 0.867671
22.000000 0.838250
23.000000 0.801661
24.000000 0.762500
25.000000 0.714156
26.000000 0.655713
27.000000 0.599942
28.000000 0.524979
29.000000 0.448371
30.000000 0.374096
31.000000 0.297399
32.000000 0.216933
33.000000 0.161231
34.000000 0.103367
35.000000 0.063697
36.000000 0.036051
37.000000 0.016450
38.000000 0.006979
39.000000 0.002273
40.000000 0.001007
41.000000 0.000219
42.000000 0.000040
43.000000 0.000010
44.000000 0.000000
45.000000 0.000000
46.000000 0.000000
47.000000 0.000000
48.000000 0.000000
49.000000 0.000000
50.000000 0.000000
0.000000 0.996989
1.000000 0.996919
2.000000 0.996311
3.000000 0.995234
4.000000 0.995424
5.000000 0.994118
6.000000 0.992862
7.000000 0.991326
8.000000 0.989522
9.000000 0.987618
10.000000 0.985175
11.000000 0.982493
12.000000 0.978635
13.000000 0.974208
14.000000 0.968346
15.000000 0.962015
16.000000 0.951437
17.000000 0.940331
18.000000 0.927559
19.000000 0.913911
20.000000 0.889724
21.000000 0.867252
22.000000 0.837951
23.000000 0.801143
24.000000 0.763198
25.000000 0.708254
26.000000 0.659233
27.000000 0.595805
28.000000 0.529735
29.000000 0.442240
30.000000 0.372272
31.000000 0.296502
32.000000 0.220911
33.000000 0.157772
34.000000 0.105052
35.000000 0.065123
36.000000 0.036649
37.000000 0.017068
38.000000 0.008235
39.000000 0.002841
40.000000 0.001186
41.000000 0.000538
42.000000 0.000120
43.000000 0.000070
44.000000 0.000030
45.000000 0.000000
46.000000 0.000000
47.000000 0.000000
48.000000 0.000000
49.000000 0.000000
50.000000 0.000000
0.000000 0.997198
1.000000 0.996700
2.000000 0.996451
3.000000 0.996291
4.000000 0.995205
5.000000 0.994307
6.000000 0.993021
7.000000 0.991895
8.000000 0.990030
9.000000 0.988365
10.000000 0.985225
11.000000 0.982294
12.000000 0.978037
13.000000 0.974198
14.000000 0.968765
15.000000 0.962165
16.000000 0.954598
17.000000 0.942963
18.000000 0.931976
19.000000 0.915945
20.000000 0.892695
21.000000 0.870921
22.000000 0.841381
23.000000 0.805320
24.000000 0.769140
25.000000 0.721025
26.000000 0.668435
27.000000 0.605635
28.000000 0.540283
29.000000 0.464493
30.000000 0.388244
31.000000 0.305365
32.000000 0.241907
33.000000 0.168838
34.000000 0.116936
35.000000 0.073238
36.000000 0.045412
37.000000 0.028025
38.000000 0.017198
39.000000 0.011605
40.000000 0.008883
41.000000 0.006829
42.000000 0.006799
43.000000 0.005932
44.000000 0.005164
45.000000 0.004676
46.000000 0.003739
47.000000 0.002891
48.000000 0.002921
49.000000 0.001645
50.000000 0.001017
0.000000 0.998146
1.000000 0.998096
2.000000 0.997438
3.000000 0.997208
4.000000 0.996730
5.000000 0.995813
6.000000 0.995145
7.000000 0.994307
8.000000 0.992582
9.000000 0.991815
10.000000 0.990000
11.000000 0.987219
12.000000 0.985235
13.000000 0.982244
14.000000 0.977389
15.000000 0.971975
16.000000 0.967738
17.000000 0.960500
18.000000 0.951786
19.000000 0.939812
20.000000 0.925107
21.000000 0.910202
22.000000 0.890053
23.000000 0.864790
24.000000 0.834003
25.000000 0.800704
26.000000 0.760137
27.000000 0.712780
28.000000 0.653889
29.000000 0.591308
30.000000 0.526475
31.000000 0.449348
32.000000 0.361445
33.000000 0.298755
34.000000 0.229824
35.000000 0.174073
36.000000 0.118042
37.000000 0.079399
38.000000 0.059709
39.000000 0.039480
40.000000 0.031056
41.000000 0.026460
42.000000 0.025074
43.000000 0.023957
44.000000 0.022681
45.000000 0.022592
46.000000 0.021246
47.000000 0.020767
48.000000 0.019810
49.000000 0.019202
50.000000 0.017716
