0.000000 0.997081
1.000000 0.996572
2.000000 0.996172
3.000000 0.995152
4.000000 0.994582
5.000000 0.993203
6.000000 0.992403
7.000000 0.991964
8.000000 0.988625
9.000000 0.987515
10.000000 0.985886
11.000000 0.983267
12.000000 0.976550
13.000000 0.973292
14.000000 0.963936
15.000000 0.960297
16.000000 0.952131
17.000000 0.942065
18.000000 0.929351
19.000000 0.909330
20.000000 0.890998
21.000000 0.865019
22.000000 0.826656
23.000000 0.795720
24.000000 0.743473
25.000000 0.688207
26.000000 0.639828
27.000000 0.585972
28.000000 0.498451
29.000000 0.438407
30.000000 0.382682
31.000000 0.276198
32.000000 0.200422
33.000000 0.117518
34.000000 0.104734
35.000000 0.055076
36.000000 0.041132
37.000000 0.025779
38.000000 0.005458
39.000000 0.001719
40.000000 0.000780
41.000000 0.000130
42.000000 0.000000
43.000000 0.000000
44.000000 0.000000
45.000000 0.000000
46.000000 0.000000
47.000000 0.000000
48.000000 0.000000
49.000000 0.000000
50.000000 0.000000
0.000000 0.996991
1.000000 0.996781
2.000000 0.995622
3.000000 0.994652
4.000000 0.994342
5.000000 0.992783
6.000000 0.992353
7.000000 0.990884
8.000000 0.989205
9.000000 0.986536
10.000000 0.986046
11.000000 0.979509
12.000000 0.976440
13.000000 0.971902
14.000000 0.965145
15.000000 0.958318
16.000000 0.947593
17.000000 0.941666
18.000000 0.922814
19.000000 0.914658
20.000000 0.880623
21.000000 0.862021
22.000000 0.845748
23.000000 0.800048
24.000000 0.746412
25.000000 0.688367
26.000000 0.637929
27.000000 0.595848
28.000000 0.523590
29.000000 0.445574
30.000000 0.370847
31.000000 0.281476
32.000000 0.206409
33.000000 0.141898
34.000000 0.093409
35.000000 0.063562
36.000000 0.030467
37.000000 0.020991
38.000000 0.007937
39.000000 0.002269
40.000000 0.000920
41.000000 0.002729
42.000000 0.000000
43.000000 0.000000
44.000000 0.000000
45.000000 0.000000
46.000000 0.000000
47.000000 0.000000
48.000000 0.000000
49.000000 0.000000
50.000000 0.000000
0.000000 0.996941
1.000000 0.996881
2.000000 0.995832
3.000000 0.995772
4.000000 0.995122
5.000000 0.993603
6.000000 0.992563
7.000000 0.990334
8.000000 0.989585
9.000000 0.986736
10.000000 0.984597
11.000000 0.982258
12.000000 0.978929
13.000000 0.975691
14.000000 0.968974
15.000000 0.960987
16.000000 0.948892
17.000000 0.944015
18.000000 0.931260
19.000000 0.913758
20.000000 0.884561
21.000000 0.858372
22.000000 0.816271
23.000000 0.793701
24.000000 0.740974
25.000000 0.700282
26.000000 0.642028
27.000000 0.582764
28.000000 0.520721
29.000000 0.462157
30.000000 0.373206
31.000000 0.278058
32.000000 0.228879
33.000000 0.180231
34.000000 0.130812
35.000000 0.075517
36.000000 0.075387
37.000000 0.046889
38.000000 0.038003
39.000000 0.027708
40.000000 0.027088
41.000000 0.026498
42.000000 0.021051
43.000000 0.023640
44.000000 0.024519
45.000000 0.015793
46.000000 0.019142
47.000000 0.014574
48.000000 0.011775
49.000000 0.011545
50.000000 0.006517
0.000000 0.997131
1.000000 0.997161
2.000000 0.996232
3.000000 0.995602
4.000000 0.994792
5.000000 0.994093
6.000000 0.993233
7.000000 0.990914
8.000000 0.988925
9.000000 0.987216
10.000000 0.985047
11.000000 0.982458
12.000000 0.977150
13.000000 0.973862
14.000000 0.967094
15.000000 0.961757
16.000000 0.950112
17.000000 0.936038
18.000000 0.923194
19.000000 0.911079
20.000000 0.885001
21.000000 0.865429
22.000000 0.836382
23.000000 0.808774
24.000000 0.769491
25.000000 0.726900
26.000000 0.639778
27.000000 0.606843
28.000000 0.528338
29.000000 0.463666
30.000000 0.361851
31.000000 0.330205
32.000000 0.288823
33.000000 0.246831
34.000000 0.167426
35.000000 0.154362
36.000000 0.125295
37.000000 0.106083
38.000000 0.100006
39.000000 0.096997
40.000000 0.091500
41.000000 0.091760
42.000000 0.090600
43.000000 0.083863
44.000000 0.082284
45.000000 0.081744
46.000000 0.076736
47.000000 0.075537
48.000000 0.071519
49.000000 0.074757
50.000000 0.066441
0.000000 0.998761
1.000000 0.998870
2.000000 0.998511
3.000000 0.998501
4.000000 0.997931
5.000000 0.997941
6.000000 0.997421
7.000000 0.997231
8.000000 0.996462
9.000000 0.995182
10.000000 0.994782
11.000000 0.993833
12.000000 0.991034
13.000000 0.990494
14.000000 0.988435
15.000000 0.986606
16.000000 0.984427
17.000000 0.978949
18.000000 0.975571
19.000000 0.970293
20.000000 0.965325
21.000000 0.956579
22.000000 0.942215
23.000000 0.937138
24.000000 0.917876
25.000000 0.890038
26.000000 0.876115
27.000000 0.832064
28.000000 0.803456
29.000000 0.783645
30.000000 0.748011
31.000000 0.710907
32.000000 0.635410
33.000000 0.564082
34.000000 0.522810
35.000000 0.463526
36.000000 0.425383
37.000000 0.397995
38.000000 0.375315
39.000000 0.325357
40.000000 0.296370
41.000000 0.287494
42.000000 0.273899
43.000000 0.259826
44.000000 0.256067
45.000000 0.240874
46.000000 0.236776
47.000000 0.233207
48.000000 0.218074
49.000000 0.203131
50.000000 0.193775
