0.000000 0.996929
1.000000 0.996800
2.000000 0.996481
3.000000 0.995484
4.000000 0.995005
5.000000 0.993809
6.000000 0.992941
7.000000 0.991984
8.000000 0.989362
9.000000 0.987667
10.000000 0.984676
11.000000 0.981646
12.000000 0.978475
13.000000 0.973969
14.000000 0.967249
15.000000 0.960161
16.000000 0.952614
17.000000 0.940839
18.000000 0.928188
19.000000 0.911717
20.000000 0.891868
21.000000 0.867711
22.000000 0.838320
23.000000 0.800046
24.000000 0.761214
25.000000 0.713518
26.000000 0.658086
27.000000 0.595506
28.000000 0.523962
29.000000 0.450286
30.000000 0.374884
31.000000 0.290609
32.000000 0.224121
33.000000 0.152448
34.000000 0.104962
35.000000 0.062112
36.000000 0.034416
37.000000 0.017577
38.000000 0.007467
39.000000 0.002861
40.000000 0.000688
41.000000 0.000150
42.000000 0.000060
43.000000 0.000010
44.000000 0.000000
45.000000 0.000000
46.000000 0.000000
47.000000 0.000000
48.000000 0.000000
49.000000 0.000000
50.000000 0.000000
0.000000 0.997348
1.000000 0.996840
2.000000 0.996580
3.000000 0.995653
4.000000 0.994935
5.000000 0.994038
6.000000 0.992672
7.000000 0.991625
8.000000 0.989263
9.000000 0.988226
10.000000 0.985295
11.000000 0.981666
12.000000 0.978017
13.000000 0.973231
14.000000 0.966801
15.000000 0.959523
16.000000 0.951627
17.000000 0.941437
18.000000 0.928866
19.000000 0.911319
20.000000 0.890133
21.000000 0.866614
22.000000 0.838420
23.000000 0.802867
24.000000 0.760496
25.000000 0.714356
26.000000 0.658894
27.000000 0.598596
28.000000 0.524710
29.000000 0.451971
30.000000 0.379271
31.000000 0.296851
32.000000 0.212875
33.000000 0.160215
34.000000 0.104583
35.000000 0.067984
36.000000 0.033678
37.000000 0.016251
38.000000 0.008863
39.000000 0.002522
40.000000 0.000798
41.000000 0.000229
42.000000 0.000120
43.000000 0.000000
44.000000 0.000000
45.000000 0.000000
46.000000 0.000000
47.000000 0.000000
48.000000 0.000000
49.000000 0.000000
50.000000 0.000000
