0.000000 0.883254
1.000000 0.904629
2.000000 0.867591
3.000000 0.837373
4.000000 0.812040
5.000000 0.764234
6.000000 0.726937
7.000000 0.721534
8.000000 0.602265
9.000000 0.569136
10.000000 0.500015
11.000000 0.448970
12.000000 0.474303
13.000000 0.268875
14.000000 0.210801
15.000000 0.154911
16.000000 0.080037
17.000000 0.046708
18.000000 0.023409
19.000000 0.010000
20.000000 0.003928
21.000000 0.001436
22.000000 0.000329
23.000000 0.000070
24.000000 0.000000
25.000000 0.000000
26.000000 0.000000
27.000000 0.000000
28.000000 0.000000
29.000000 0.000000
30.000000 0.000000
31.000000 0.000000
32.000000 0.000000
33.000000 0.000000
34.000000 0.000000
35.000000 0.000000
36.000000 0.000000
37.000000 0.000000
38.000000 0.000000
39.000000 0.000000
40.000000 0.000000
41.000000 0.000000
42.000000 0.000000
43.000000 0.000000
44.000000 0.000000
45.000000 0.000000
46.000000 0.000000
47.000000 0.000000
48.000000 0.000000
49.000000 0.000000
50.000000 0.000000
