0.000000 0.009346
1.000000 0.007542
2.000000 0.005968
3.000000 0.004869
4.000000 0.003785
5.000000 0.002988
6.000000 0.002268
7.000000 0.001654
8.000000 0.001243
9.000000 0.000899
10.000000 0.000693
11.000000 0.000525
12.000000 0.000391
13.000000 0.000244
14.000000 0.000221
15.000000 0.000168
16.000000 0.000137
17.000000 0.000110
18.000000 0.000092
19.000000 0.000081
20.000000 0.000071
21.000000 0.000062
22.000000 0.000054
23.000000 0.000045
24.000000 0.000044
25.000000 0.000038
26.000000 0.000037
27.000000 0.000035
28.000000 0.000032
29.000000 0.000030
30.000000 0.000030
31.000000 0.000029
32.000000 0.000028
33.000000 0.000028
34.000000 0.000027
35.000000 0.000027
36.000000 0.000027
37.000000 0.000027
38.000000 0.000027
39.000000 0.000027
40.000000 0.000027
41.000000 0.000027
42.000000 0.000027
43.000000 0.000027
44.000000 0.000027
45.000000 0.000027
46.000000 0.000027
47.000000 0.000027
48.000000 0.000027
49.000000 0.000027
50.000000 0.000027
0.000000 0.019956
1.000000 0.015046
2.000000 0.012244
3.000000 0.010054
4.000000 0.007898
5.000000 0.006395
6.000000 0.005099
7.000000 0.003951
8.000000 0.003095
9.000000 0.002558
10.000000 0.002048
11.000000 0.001652
12.000000 0.001400
13.000000 0.001076
14.000000 0.000886
15.000000 0.000759
16.000000 0.000576
17.000000 0.000513
18.000000 0.000417
19.000000 0.000359
20.000000 0.000305
21.000000 0.000270
22.000000 0.000235
23.000000 0.000217
24.000000 0.000197
25.000000 0.000180
26.000000 0.000165
27.000000 0.000154
28.000000 0.000153
29.000000 0.000143
30.000000 0.000137
31.000000 0.000131
32.000000 0.000130
33.000000 0.000127
34.000000 0.000126
35.000000 0.000124
36.000000 0.000123
37.000000 0.000121
38.000000 0.000121
39.000000 0.000121
40.000000 0.000120
41.000000 0.000119
42.000000 0.000119
43.000000 0.000119
44.000000 0.000119
45.000000 0.000119
46.000000 0.000119
47.000000 0.000119
48.000000 0.000119
49.000000 0.000119
50.000000 0.000118
0.000000 0.038608
1.000000 0.031621
2.000000 0.024447
3.000000 0.019220
4.000000 0.016104
5.000000 0.012285
6.000000 0.009718
7.000000 0.007744
8.000000 0.005969
9.000000 0.005140
10.000000 0.003992
11.000000 0.003123
12.000000 0.002655
13.000000 0.002125
14.000000 0.001761
15.000000 0.001381
16.000000 0.001140
17.000000 0.000951
18.000000 0.000799
19.000000 0.000661
20.000000 0.000576
21.000000 0.000508
22.000000 0.000424
23.000000 0.000396
24.000000 0.000349
25.000000 0.000314
26.000000 0.000297
27.000000 0.000268
28.000000 0.000261
29.000000 0.000250
30.000000 0.000230
31.000000 0.000226
32.000000 0.000219
33.000000 0.000217
34.000000 0.000210
35.000000 0.000204
36.000000 0.000203
37.000000 0.000201
38.000000 0.000199
39.000000 0.000198
40.000000 0.000197
41.000000 0.000198
42.000000 0.000195
43.000000 0.000195
44.000000 0.000194
45.000000 0.000195
46.000000 0.000195
47.000000 0.000195
48.000000 0.000194
49.000000 0.000194
50.000000 0.000194
0.000000 0.076478
1.000000 0.062511
2.000000 0.047318
3.000000 0.039302
4.000000 0.031335
5.000000 0.024892
6.000000 0.019317
7.000000 0.015831
8.000000 0.012392
9.000000 0.010057
10.000000 0.008389
11.000000 0.006675
12.000000 0.005207
13.000000 0.004350
14.000000 0.003382
15.000000 0.002971
16.000000 0.002366
17.000000 0.001913
18.000000 0.001699
19.000000 0.001453
20.000000 0.001224
21.000000 0.001106
22.000000 0.000978
23.000000 0.000884
24.000000 0.000767
25.000000 0.000731
26.000000 0.000691
27.000000 0.000645
28.000000 0.000629
29.000000 0.000590
30.000000 0.000565
31.000000 0.000548
32.000000 0.000533
33.000000 0.000529
34.000000 0.000527
35.000000 0.000516
36.000000 0.000508
37.000000 0.000505
38.000000 0.000506
39.000000 0.000502
40.000000 0.000501
41.000000 0.000495
42.000000 0.000495
43.000000 0.000496
44.000000 0.000495
45.000000 0.000492
46.000000 0.000494
47.000000 0.000491
48.000000 0.000491
49.000000 0.000492
50.000000 0.000493
0.000000 0.153962
1.000000 0.120053
2.000000 0.097834
3.000000 0.079923
4.000000 0.062892
5.000000 0.048233
6.000000 0.037506
7.000000 0.031584
8.000000 0.026159
9.000000 0.021322
10.000000 0.016921
11.000000 0.013726
12.000000 0.011059
13.000000 0.008857
14.000000 0.007365
15.000000 0.006095
16.000000 0.005238
17.000000 0.004180
18.000000 0.003490
19.000000 0.003205
20.000000 0.002549
21.000000 0.002429
22.000000 0.002157
23.000000 0.001957
24.000000 0.001800
25.000000 0.001629
26.000000 0.001556
27.000000 0.001448
28.000000 0.001438
29.000000 0.001366
30.000000 0.001291
31.000000 0.001265
32.000000 0.001222
33.000000 0.001217
34.000000 0.001220
35.000000 0.001191
36.000000 0.001194
37.000000 0.001174
38.000000 0.001174
39.000000 0.001165
40.000000 0.001169
41.000000 0.001155
42.000000 0.001162
43.000000 0.001160
44.000000 0.001154
45.000000 0.001156
46.000000 0.001149
47.000000 0.001157
48.000000 0.001154
49.000000 0.001150
50.000000 0.001153
0.000000 0.326719
1.000000 0.271185
2.000000 0.216257
3.000000 0.165393
4.000000 0.139274
5.000000 0.104955
6.000000 0.088098
7.000000 0.069119
8.000000 0.053694
9.000000 0.045641
10.000000 0.036344
11.000000 0.028908
12.000000 0.023503
13.000000 0.020493
14.000000 0.016396
15.000000 0.013468
16.000000 0.011496
17.000000 0.009092
18.000000 0.008212
19.000000 0.007297
20.000000 0.006410
21.000000 0.005843
22.000000 0.005368
23.000000 0.004931
24.000000 0.004659
25.000000 0.004072
26.000000 0.004157
27.000000 0.003885
28.000000 0.003807
29.000000 0.003709
30.000000 0.003566
31.000000 0.003467
32.000000 0.003474
33.000000 0.003444
34.000000 0.003415
35.000000 0.003364
36.000000 0.003345
37.000000 0.003310
38.000000 0.003306
39.000000 0.003283
40.000000 0.003285
41.000000 0.003281
42.000000 0.003256
43.000000 0.003272
44.000000 0.003251
45.000000 0.003259
46.000000 0.003260
47.000000 0.003252
48.000000 0.003244
49.000000 0.003260
50.000000 0.003249
0.000000 0.614330
1.000000 0.514543
2.000000 0.401998
3.000000 0.317769
4.000000 0.257852
5.000000 0.198194
6.000000 0.164356
7.000000 0.128096
8.000000 0.102636
9.000000 0.084491
10.000000 0.065980
11.000000 0.054665
12.000000 0.044210
13.000000 0.036341
14.000000 0.031630
15.000000 0.024613
16.000000 0.021666
17.000000 0.017629
18.000000 0.015583
19.000000 0.013387
20.000000 0.012169
21.000000 0.010986
22.000000 0.010010
23.000000 0.009307
24.000000 0.008788
25.000000 0.008049
26.000000 0.007578
27.000000 0.007346
28.000000 0.007162
29.000000 0.006959
30.000000 0.006698
31.000000 0.006597
32.000000 0.006492
33.000000 0.006529
34.000000 0.006379
35.000000 0.006425
36.000000 0.006363
37.000000 0.006314
38.000000 0.006238
39.000000 0.006281
40.000000 0.006249
41.000000 0.006251
42.000000 0.006203
43.000000 0.006196
44.000000 0.006192
45.000000 0.006197
46.000000 0.006199
47.000000 0.006181
48.000000 0.006183
49.000000 0.006186
50.000000 0.006187
