-10.000000 0.925675
-9.000000 0.923572
-8.000000 0.919324
-7.000000 0.918278
-6.000000 0.911109
-5.000000 0.905177
-4.000000 0.898009
-3.000000 0.887491
-2.000000 0.875088
-1.000000 0.859137
0.000000 0.845947
1.000000 0.822827
2.000000 0.799318
3.000000 0.771632
4.000000 0.733258
5.000000 0.705941
6.000000 0.656321
7.000000 0.607429
8.000000 0.559973
9.000000 0.500683
10.000000 0.437983
11.000000 0.382272
12.000000 0.312663
13.000000 0.259932
14.000000 0.201809
15.000000 0.159357
16.000000 0.112140
17.000000 0.074744
18.000000 0.048274
19.000000 0.032711
20.000000 0.019411
21.000000 0.009092
22.000000 0.004925
23.000000 0.002243
24.000000 0.000578
25.000000 0.000289
26.000000 0.000090
27.000000 0.000020
28.000000 0.000000
29.000000 0.000000
30.000000 0.000000
31.000000 0.000000
32.000000 0.000000
33.000000 0.000000
34.000000 0.000000
35.000000 0.000000
36.000000 0.000000
37.000000 0.000000
38.000000 0.000000
39.000000 0.000000
40.000000 0.000000
41.000000 0.000000
42.000000 0.000000
43.000000 0.000000
44.000000 0.000000
45.000000 0.000000
46.000000 0.000000
47.000000 0.000000
48.000000 0.000000
49.000000 0.000000
50.000000 0.000000
