0.000000 1.014983
1.000000 0.811403
2.000000 0.643304
3.000000 0.509416
4.000000 0.405782
5.000000 0.319417
6.000000 0.254543
7.000000 0.202699
8.000000 0.160980
9.000000 0.127928
10.000000 0.101791
11.000000 0.080624
12.000000 0.064026
13.000000 0.050802
14.000000 0.040595
15.000000 0.032052
16.000000 0.025501
17.000000 0.020239
18.000000 0.016111
19.000000 0.012801
20.000000 0.010127
21.000000 0.008087
22.000000 0.006423
23.000000 0.005064
24.000000 0.004033
25.000000 0.003217
26.000000 0.002556
27.000000 0.002029
28.000000 0.001616
29.000000 0.001281
30.000000 0.001019
31.000000 0.000804
32.000000 0.000639
33.000000 0.000509
34.000000 0.000405
35.000000 0.000322
36.000000 0.000257
37.000000 0.000204
38.000000 0.000163
39.000000 0.000130
40.000000 0.000104
41.000000 0.000083
42.000000 0.000066
43.000000 0.000053
44.000000 0.000043
45.000000 0.000034
46.000000 0.000028
47.000000 0.000023
48.000000 0.000019
49.000000 0.000015
50.000000 0.000013
0.000000 0.762477
1.000000 0.609959
2.000000 0.484549
3.000000 0.384777
4.000000 0.305507
5.000000 0.241884
6.000000 0.191694
7.000000 0.152905
8.000000 0.120997
9.000000 0.096166
10.000000 0.076938
11.000000 0.060899
12.000000 0.048270
13.000000 0.038568
14.000000 0.030602
15.000000 0.024314
16.000000 0.019436
17.000000 0.015437
18.000000 0.012305
19.000000 0.009827
20.000000 0.007822
21.000000 0.006302
22.000000 0.005066
23.000000 0.004010
24.000000 0.003252
25.000000 0.002632
26.000000 0.002145
27.000000 0.001755
28.000000 0.001436
29.000000 0.001195
30.000000 0.000991
31.000000 0.000827
32.000000 0.000704
33.000000 0.000604
34.000000 0.000528
35.000000 0.000465
36.000000 0.000416
37.000000 0.000377
38.000000 0.000346
39.000000 0.000323
40.000000 0.000302
41.000000 0.000288
42.000000 0.000274
43.000000 0.000264
44.000000 0.000257
45.000000 0.000249
46.000000 0.000245
47.000000 0.000241
48.000000 0.000239
49.000000 0.000236
50.000000 0.000234
0.000000 0.697978
1.000000 0.562031
2.000000 0.448467
3.000000 0.355220
4.000000 0.284610
5.000000 0.224551
6.000000 0.177497
7.000000 0.141568
8.000000 0.111903
9.000000 0.089266
10.000000 0.070718
11.000000 0.056057
12.000000 0.044592
13.000000 0.035688
14.000000 0.028377
15.000000 0.022410
16.000000 0.018365
17.000000 0.014159
18.000000 0.011404
19.000000 0.009203
20.000000 0.007349
21.000000 0.005841
22.000000 0.004714
23.000000 0.003832
24.000000 0.003127
25.000000 0.002516
26.000000 0.002091
27.000000 0.001676
28.000000 0.001426
29.000000 0.001174
30.000000 0.000980
31.000000 0.000838
32.000000 0.000732
33.000000 0.000630
34.000000 0.000565
35.000000 0.000506
36.000000 0.000459
37.000000 0.000420
38.000000 0.000395
39.000000 0.000374
40.000000 0.000351
41.000000 0.000340
42.000000 0.000329
43.000000 0.000317
44.000000 0.000310
45.000000 0.000307
46.000000 0.000300
47.000000 0.000298
48.000000 0.000295
49.000000 0.000293
50.000000 0.000291
0.000000 0.709013
1.000000 0.590773
2.000000 0.462052
3.000000 0.376133
4.000000 0.297779
5.000000 0.229718
6.000000 0.183898
7.000000 0.144391
8.000000 0.113596
9.000000 0.092813
10.000000 0.072982
11.000000 0.057378
12.000000 0.048229
13.000000 0.037744
14.000000 0.030619
15.000000 0.023153
16.000000 0.019625
17.000000 0.014955
18.000000 0.012540
19.000000 0.010966
20.000000 0.008451
21.000000 0.006890
22.000000 0.005534
23.000000 0.004683
24.000000 0.003884
25.000000 0.003350
26.000000 0.003022
27.000000 0.002679
28.000000 0.002412
29.000000 0.002010
30.000000 0.001950
31.000000 0.001751
32.000000 0.001581
33.000000 0.001542
34.000000 0.001476
35.000000 0.001407
36.000000 0.001406
37.000000 0.001331
38.000000 0.001276
39.000000 0.001286
40.000000 0.001271
41.000000 0.001251
42.000000 0.001216
43.000000 0.001213
44.000000 0.001208
45.000000 0.001212
46.000000 0.001188
47.000000 0.001201
48.000000 0.001196
49.000000 0.001194
50.000000 0.001195
0.000000 0.913184
1.000000 0.826879
2.000000 0.580729
3.000000 0.514105
4.000000 0.444852
5.000000 0.310257
6.000000 0.249156
7.000000 0.231037
8.000000 0.165935
9.000000 0.152780
10.000000 0.128914
11.000000 0.091102
12.000000 0.082796
13.000000 0.080923
14.000000 0.058188
15.000000 0.052861
16.000000 0.051906
17.000000 0.045188
18.000000 0.045648
19.000000 0.033335
20.000000 0.039533
21.000000 0.038194
22.000000 0.035432
23.000000 0.033372
24.000000 0.032692
25.000000 0.030977
26.000000 0.030944
27.000000 0.029315
28.000000 0.029596
29.000000 0.029840
30.000000 0.029646
31.000000 0.030984
32.000000 0.029631
33.000000 0.029191
34.000000 0.028080
35.000000 0.029852
36.000000 0.029735
37.000000 0.029013
38.000000 0.028480
39.000000 0.029434
40.000000 0.029099
41.000000 0.028627
42.000000 0.028913
43.000000 0.028789
44.000000 0.028611
45.000000 0.029071
46.000000 0.028854
47.000000 0.028821
48.000000 0.028994
49.000000 0.028822
50.000000 0.028856
0.000000 3.102035
1.000000 3.295329
2.000000 1.903574
3.000000 2.285551
4.000000 1.421458
5.000000 1.644704
6.000000 1.054345
7.000000 1.148149
8.000000 0.862040
9.000000 1.089456
10.000000 0.778325
11.000000 0.567113
12.000000 0.638303
13.000000 0.651929
14.000000 0.528814
15.000000 0.560932
16.000000 0.419301
17.000000 0.484701
18.000000 0.506070
19.000000 0.475946
20.000000 0.452695
21.000000 0.453643
22.000000 0.442332
23.000000 0.431399
24.000000 0.454910
25.000000 0.457202
26.000000 0.439005
27.000000 0.431804
28.000000 0.422494
29.000000 0.427550
30.000000 0.431084
31.000000 0.443828
32.000000 0.433095
33.000000 0.435504
34.000000 0.440008
35.000000 0.439651
36.000000 0.441442
37.000000 0.440992
38.000000 0.439780
39.000000 0.437248
40.000000 0.436322
41.000000 0.438071
42.000000 0.438336
43.000000 0.442389
44.000000 0.439256
45.000000 0.438791
46.000000 0.439025
47.000000 0.436207
48.000000 0.439885
49.000000 0.438434
50.000000 0.437116
0.000000 18.317296
1.000000 15.360082
2.000000 25.289591
3.000000 12.429046
4.000000 21.957257
5.000000 11.251805
6.000000 11.910520
7.000000 10.866612
8.000000 9.715456
9.000000 13.178772
10.000000 10.690644
11.000000 8.566800
12.000000 10.710315
13.000000 9.303340
14.000000 7.670235
15.000000 8.372720
16.000000 8.284798
17.000000 8.243173
18.000000 8.682084
19.000000 8.280574
20.000000 8.182029
21.000000 8.282183
22.000000 8.124908
23.000000 8.267865
24.000000 8.088202
25.000000 8.136793
26.000000 8.223002
27.000000 8.099963
28.000000 8.285394
29.000000 8.202732
30.000000 8.403475
31.000000 8.138125
32.000000 8.252891
33.000000 8.158678
34.000000 8.125028
35.000000 8.257101
36.000000 8.214746
37.000000 8.129688
38.000000 8.176452
39.000000 8.200501
40.000000 8.178545
41.000000 8.234600
42.000000 8.153122
43.000000 8.152127
44.000000 8.185409
45.000000 8.187856
46.000000 8.174457
47.000000 8.200039
48.000000 8.174666
49.000000 8.181307
50.000000 8.194173
