0.000000 0.845907
1.000000 0.822657
2.000000 0.795649
3.000000 0.769090
4.000000 0.731543
5.000000 0.690288
6.000000 0.643261
7.000000 0.591059
8.000000 0.537491
9.000000 0.467673
10.000000 0.400167
11.000000 0.332363
12.000000 0.265007
13.000000 0.204072
14.000000 0.142857
15.000000 0.093497
16.000000 0.058921
17.000000 0.032521
18.000000 0.015862
19.000000 0.006730
20.000000 0.002153
21.000000 0.000658
22.000000 0.000100
23.000000 0.000010
24.000000 0.000010
25.000000 0.000000
26.000000 0.000000
27.000000 0.000000
28.000000 0.000000
29.000000 0.000000
30.000000 0.000000
31.000000 0.000000
32.000000 0.000000
33.000000 0.000000
34.000000 0.000000
35.000000 0.000000
36.000000 0.000000
37.000000 0.000000
38.000000 0.000000
39.000000 0.000000
40.000000 0.000000
41.000000 0.000000
42.000000 0.000000
43.000000 0.000000
44.000000 0.000000
45.000000 0.000000
46.000000 0.000000
47.000000 0.000000
48.000000 0.000000
49.000000 0.000000
50.000000 0.000000
0.000000 0.844033
1.000000 0.823285
2.000000 0.798042
3.000000 0.768322
4.000000 0.730477
5.000000 0.690159
6.000000 0.643331
7.000000 0.585725
8.000000 0.535468
9.000000 0.468909
10.000000 0.399559
11.000000 0.332253
12.000000 0.269354
13.000000 0.199605
14.000000 0.143266
15.000000 0.096448
16.000000 0.053797
17.000000 0.031744
18.000000 0.015643
19.000000 0.007059
20.000000 0.001864
21.000000 0.000718
22.000000 0.000199
23.000000 0.000000
24.000000 0.000010
25.000000 0.000000
26.000000 0.000000
27.000000 0.000000
28.000000 0.000000
29.000000 0.000000
30.000000 0.000000
31.000000 0.000000
32.000000 0.000000
33.000000 0.000000
34.000000 0.000000
35.000000 0.000000
36.000000 0.000000
37.000000 0.000000
38.000000 0.000000
39.000000 0.000000
40.000000 0.000000
41.000000 0.000000
42.000000 0.000000
43.000000 0.000000
44.000000 0.000000
45.000000 0.000000
46.000000 0.000000
47.000000 0.000000
48.000000 0.000000
49.000000 0.000000
50.000000 0.000000
0.000000 0.844282
1.000000 0.822398
2.000000 0.798221
3.000000 0.766777
4.000000 0.732331
5.000000 0.684785
6.000000 0.639951
7.000000 0.596513
8.000000 0.530941
9.000000 0.471531
10.000000 0.400696
11.000000 0.334167
12.000000 0.267300
13.000000 0.201779
14.000000 0.141192
15.000000 0.092560
16.000000 0.055881
17.000000 0.030528
18.000000 0.015453
19.000000 0.005693
20.000000 0.001984
21.000000 0.000638
22.000000 0.000130
23.000000 0.000020
24.000000 0.000020
25.000000 0.000000
26.000000 0.000000
27.000000 0.000000
28.000000 0.000000
29.000000 0.000000
30.000000 0.000000
31.000000 0.000000
32.000000 0.000000
33.000000 0.000000
34.000000 0.000000
35.000000 0.000000
36.000000 0.000000
37.000000 0.000000
38.000000 0.000000
39.000000 0.000000
40.000000 0.000000
41.000000 0.000000
42.000000 0.000000
43.000000 0.000000
44.000000 0.000000
45.000000 0.000000
46.000000 0.000000
47.000000 0.000000
48.000000 0.000000
49.000000 0.000000
50.000000 0.000000
0.000000 0.840035
1.000000 0.822458
2.000000 0.794822
3.000000 0.771014
4.000000 0.732142
5.000000 0.686949
6.000000 0.637837
7.000000 0.592295
8.000000 0.534142
9.000000 0.463625
10.000000 0.403079
11.000000 0.337607
12.000000 0.260521
13.000000 0.199346
14.000000 0.144153
15.000000 0.091144
16.000000 0.056908
17.000000 0.031524
18.000000 0.015304
19.000000 0.006271
20.000000 0.002233
21.000000 0.000648
22.000000 0.000189
23.000000 0.000020
24.000000 0.000000
25.000000 0.000000
26.000000 0.000000
27.000000 0.000000
28.000000 0.000000
29.000000 0.000000
30.000000 0.000000
31.000000 0.000000
32.000000 0.000000
33.000000 0.000000
34.000000 0.000000
35.000000 0.000000
36.000000 0.000000
37.000000 0.000000
38.000000 0.000000
39.000000 0.000000
40.000000 0.000000
41.000000 0.000000
42.000000 0.000000
43.000000 0.000000
44.000000 0.000000
45.000000 0.000000
46.000000 0.000000
47.000000 0.000000
48.000000 0.000000
49.000000 0.000000
50.000000 0.000000
0.000000 0.845598
1.000000 0.824183
2.000000 0.795549
3.000000 0.763487
4.000000 0.735631
5.000000 0.691844
6.000000 0.647309
7.000000 0.593492
8.000000 0.535318
9.000000 0.472478
10.000000 0.405192
11.000000 0.331107
12.000000 0.271438
13.000000 0.201709
14.000000 0.144921
15.000000 0.100864
16.000000 0.059629
17.000000 0.033309
18.000000 0.016889
19.000000 0.006929
20.000000 0.002702
21.000000 0.001147
22.000000 0.000439
23.000000 0.000229
24.000000 0.000070
25.000000 0.000010
26.000000 0.000000
27.000000 0.000010
28.000000 0.000000
29.000000 0.000000
30.000000 0.000000
31.000000 0.000000
32.000000 0.000000
33.000000 0.000000
34.000000 0.000000
35.000000 0.000000
36.000000 0.000000
37.000000 0.000000
38.000000 0.000000
39.000000 0.000000
40.000000 0.000000
41.000000 0.000000
42.000000 0.000000
43.000000 0.000000
44.000000 0.000000
45.000000 0.000000
46.000000 0.000000
47.000000 0.000000
48.000000 0.000000
49.000000 0.000000
50.000000 0.000000
0.000000 0.844421
1.000000 0.827154
2.000000 0.803047
3.000000 0.775700
4.000000 0.739390
5.000000 0.701026
6.000000 0.654507
7.000000 0.598875
8.000000 0.542068
9.000000 0.480225
10.000000 0.416358
11.000000 0.343419
12.000000 0.279623
13.000000 0.213473
14.000000 0.153156
15.000000 0.105530
16.000000 0.071294
17.000000 0.043528
18.000000 0.026370
19.000000 0.016480
20.000000 0.011086
21.000000 0.008185
22.000000 0.007158
23.000000 0.006221
24.000000 0.005035
25.000000 0.005623
26.000000 0.004526
27.000000 0.003250
28.000000 0.002433
29.000000 0.002582
30.000000 0.001705
31.000000 0.001456
32.000000 0.000967
33.000000 0.000598
34.000000 0.001007
35.000000 0.000269
36.000000 0.000160
37.000000 0.000020
38.000000 0.000010
39.000000 0.000010
40.000000 0.000010
41.000000 0.000000
42.000000 0.000000
43.000000 0.000000
44.000000 0.000000
45.000000 0.000000
46.000000 0.000000
47.000000 0.000000
48.000000 0.000000
49.000000 0.000000
50.000000 0.000000
0.000000 0.895995
1.000000 0.881110
2.000000 0.866654
3.000000 0.841590
4.000000 0.818829
5.000000 0.779648
6.000000 0.748552
7.000000 0.702930
8.000000 0.648465
9.000000 0.605206
10.000000 0.550632
11.000000 0.475818
12.000000 0.410416
13.000000 0.342512
14.000000 0.269862
15.000000 0.206265
16.000000 0.149766
17.000000 0.108431
18.000000 0.074365
19.000000 0.051364
20.000000 0.036669
21.000000 0.029750
22.000000 0.025393
23.000000 0.023050
24.000000 0.022811
25.000000 0.021973
26.000000 0.021176
27.000000 0.019640
28.000000 0.019371
29.000000 0.018733
30.000000 0.017437
31.000000 0.015673
32.000000 0.015782
33.000000 0.014376
34.000000 0.011924
35.000000 0.011535
36.000000 0.009003
37.000000 0.008734
38.000000 0.007477
39.000000 0.006191
40.000000 0.004905
41.000000 0.005095
42.000000 0.002353
43.000000 0.002114
44.000000 0.001525
45.000000 0.000907
46.000000 0.000269
47.000000 0.000229
48.000000 0.000070
49.000000 0.000040
50.000000 0.000040
