0.000000 0.845020
1.000000 0.832488
2.000000 0.808580
3.000000 0.780176
4.000000 0.744085
5.000000 0.704615
6.000000 0.657996
7.000000 0.603711
8.000000 0.542117
9.000000 0.483884
10.000000 0.413986
11.000000 0.341924
12.000000 0.275306
13.000000 0.209854
14.000000 0.146815
15.000000 0.098302
16.000000 0.062321
17.000000 0.035034
18.000000 0.017527
19.000000 0.007557
20.000000 0.002811
21.000000 0.000688
22.000000 0.000209
23.000000 0.000020
24.000000 0.000000
25.000000 0.000000
26.000000 0.000000
27.000000 0.000000
28.000000 0.000000
29.000000 0.000000
30.000000 0.000000
31.000000 0.000000
32.000000 0.000000
33.000000 0.000000
34.000000 0.000000
35.000000 0.000000
36.000000 0.000000
37.000000 0.000000
38.000000 0.000000
39.000000 0.000000
40.000000 0.000000
41.000000 0.000000
42.000000 0.000000
43.000000 0.000000
44.000000 0.000000
45.000000 0.000000
46.000000 0.000000
47.000000 0.000000
48.000000 0.000000
49.000000 0.000000
50.000000 0.000000
0.000000 0.845807
1.000000 0.828549
2.000000 0.808630
3.000000 0.771612
4.000000 0.744893
5.000000 0.696041
6.000000 0.657627
7.000000 0.596842
8.000000 0.537262
9.000000 0.484971
10.000000 0.421094
11.000000 0.343110
12.000000 0.274738
13.000000 0.211978
14.000000 0.148301
15.000000 0.097634
16.000000 0.058702
17.000000 0.034366
18.000000 0.016211
19.000000 0.007148
20.000000 0.002582
21.000000 0.000827
22.000000 0.000130
23.000000 0.000040
24.000000 0.000010
25.000000 0.000000
26.000000 0.000000
27.000000 0.000000
28.000000 0.000000
29.000000 0.000000
30.000000 0.000000
31.000000 0.000000
32.000000 0.000000
33.000000 0.000000
34.000000 0.000000
35.000000 0.000000
36.000000 0.000000
37.000000 0.000000
38.000000 0.000000
39.000000 0.000000
40.000000 0.000000
41.000000 0.000000
42.000000 0.000000
43.000000 0.000000
44.000000 0.000000
45.000000 0.000000
46.000000 0.000000
47.000000 0.000000
48.000000 0.000000
49.000000 0.000000
50.000000 0.000000
