0.000000 0.793131
1.000000 0.768667
2.000000 0.727368
3.000000 0.690015
4.000000 0.639585
5.000000 0.576491
6.000000 0.528428
7.000000 0.458682
8.000000 0.387810
9.000000 0.317087
10.000000 0.246515
11.000000 0.182857
12.000000 0.123859
13.000000 0.081620
14.000000 0.044643
15.000000 0.021157
16.000000 0.009056
17.000000 0.002894
18.000000 0.000864
19.000000 0.000150
20.000000 0.000000
21.000000 0.000000
22.000000 0.000000
23.000000 0.000000
24.000000 0.000000
25.000000 0.000000
26.000000 0.000000
27.000000 0.000000
28.000000 0.000000
29.000000 0.000000
30.000000 0.000000
31.000000 0.000000
32.000000 0.000000
33.000000 0.000000
34.000000 0.000000
35.000000 0.000000
36.000000 0.000000
37.000000 0.000000
38.000000 0.000000
39.000000 0.000000
40.000000 0.000000
41.000000 0.000000
42.000000 0.000000
43.000000 0.000000
44.000000 0.000000
45.000000 0.000000
46.000000 0.000000
47.000000 0.000000
48.000000 0.000000
49.000000 0.000000
50.000000 0.000000
0.000000 0.773778
1.000000 0.743527
2.000000 0.707301
3.000000 0.666942
4.000000 0.616925
5.000000 0.558341
6.000000 0.506971
7.000000 0.445831
8.000000 0.373379
9.000000 0.305738
10.000000 0.244297
11.000000 0.179775
12.000000 0.120740
13.000000 0.078126
14.000000 0.042952
15.000000 0.021908
16.000000 0.008831
17.000000 0.003269
18.000000 0.000864
19.000000 0.000188
20.000000 0.000038
21.000000 0.000000
22.000000 0.000000
23.000000 0.000000
24.000000 0.000000
25.000000 0.000000
26.000000 0.000000
27.000000 0.000000
28.000000 0.000000
29.000000 0.000000
30.000000 0.000000
31.000000 0.000000
32.000000 0.000000
33.000000 0.000000
34.000000 0.000000
35.000000 0.000000
36.000000 0.000000
37.000000 0.000000
38.000000 0.000000
39.000000 0.000000
40.000000 0.000000
41.000000 0.000000
42.000000 0.000000
43.000000 0.000000
44.000000 0.000000
45.000000 0.000000
46.000000 0.000000
47.000000 0.000000
48.000000 0.000000
49.000000 0.000000
50.000000 0.000000
0.000000 0.772425
1.000000 0.740107
2.000000 0.705009
3.000000 0.661832
4.000000 0.617339
5.000000 0.564128
6.000000 0.504453
7.000000 0.442035
8.000000 0.377475
9.000000 0.307805
10.000000 0.239450
11.000000 0.177558
12.000000 0.118522
13.000000 0.076096
14.000000 0.041599
15.000000 0.020931
16.000000 0.008493
17.000000 0.003119
18.000000 0.000902
19.000000 0.000075
20.000000 0.000075
21.000000 0.000000
22.000000 0.000000
23.000000 0.000000
24.000000 0.000000
25.000000 0.000000
26.000000 0.000000
27.000000 0.000000
28.000000 0.000000
29.000000 0.000000
30.000000 0.000000
31.000000 0.000000
32.000000 0.000000
33.000000 0.000000
34.000000 0.000000
35.000000 0.000000
36.000000 0.000000
37.000000 0.000000
38.000000 0.000000
39.000000 0.000000
40.000000 0.000000
41.000000 0.000000
42.000000 0.000000
43.000000 0.000000
44.000000 0.000000
45.000000 0.000000
46.000000 0.000000
47.000000 0.000000
48.000000 0.000000
49.000000 0.000000
50.000000 0.000000
0.000000 0.768366
1.000000 0.742174
2.000000 0.707752
3.000000 0.662207
4.000000 0.615159
5.000000 0.563075
6.000000 0.506745
7.000000 0.440156
8.000000 0.375221
9.000000 0.304686
10.000000 0.242907
11.000000 0.179174
12.000000 0.121491
13.000000 0.075946
14.000000 0.045057
15.000000 0.023487
16.000000 0.009658
17.000000 0.004058
18.000000 0.001541
19.000000 0.001616
20.000000 0.000977
21.000000 0.000939
22.000000 0.000789
23.000000 0.000752
24.000000 0.000564
25.000000 0.000752
26.000000 0.000864
27.000000 0.000902
28.000000 0.000864
29.000000 0.000789
30.000000 0.000939
31.000000 0.000902
32.000000 0.000752
33.000000 0.000864
34.000000 0.000789
35.000000 0.000789
36.000000 0.000789
37.000000 0.000827
38.000000 0.000714
39.000000 0.000827
40.000000 0.000827
41.000000 0.000827
42.000000 0.000827
43.000000 0.000827
44.000000 0.000827
45.000000 0.000827
46.000000 0.000827
47.000000 0.000789
48.000000 0.000827
49.000000 0.000827
50.000000 0.000827
0.000000 0.769156
1.000000 0.739206
2.000000 0.704258
3.000000 0.657623
4.000000 0.620007
5.000000 0.562624
6.000000 0.503100
7.000000 0.441133
8.000000 0.376649
9.000000 0.309308
10.000000 0.242569
11.000000 0.172974
12.000000 0.126339
13.000000 0.078840
14.000000 0.048100
15.000000 0.023712
16.000000 0.013754
17.000000 0.008305
18.000000 0.005937
19.000000 0.005336
20.000000 0.005449
21.000000 0.005449
22.000000 0.005261
23.000000 0.005261
24.000000 0.005411
25.000000 0.005411
26.000000 0.005223
27.000000 0.005411
28.000000 0.005148
29.000000 0.005374
30.000000 0.005336
31.000000 0.005336
32.000000 0.005374
33.000000 0.005374
34.000000 0.005411
35.000000 0.005449
36.000000 0.005486
37.000000 0.005449
38.000000 0.005449
39.000000 0.005486
40.000000 0.005486
41.000000 0.005486
42.000000 0.005524
43.000000 0.005486
44.000000 0.005486
45.000000 0.005486
46.000000 0.005486
47.000000 0.005486
48.000000 0.005486
49.000000 0.005486
50.000000 0.005486
0.000000 0.768141
1.000000 0.742174
2.000000 0.706400
3.000000 0.660404
4.000000 0.616211
5.000000 0.560370
6.000000 0.499718
7.000000 0.440795
8.000000 0.373116
9.000000 0.306152
10.000000 0.239901
11.000000 0.179888
12.000000 0.124948
13.000000 0.085303
14.000000 0.052798
15.000000 0.031378
16.000000 0.021119
17.000000 0.016535
18.000000 0.013641
19.000000 0.013152
20.000000 0.012852
21.000000 0.012852
22.000000 0.012401
23.000000 0.012401
24.000000 0.012326
25.000000 0.012476
26.000000 0.012438
27.000000 0.012551
28.000000 0.012664
29.000000 0.012852
30.000000 0.012589
31.000000 0.012814
32.000000 0.012852
33.000000 0.012739
34.000000 0.012814
35.000000 0.012965
36.000000 0.013152
37.000000 0.013152
38.000000 0.012927
39.000000 0.012814
40.000000 0.012965
41.000000 0.013152
42.000000 0.012965
43.000000 0.012927
44.000000 0.012889
45.000000 0.012852
46.000000 0.012852
47.000000 0.012777
48.000000 0.013002
49.000000 0.012889
50.000000 0.012852
0.000000 0.776258
1.000000 0.739168
2.000000 0.707264
3.000000 0.668445
4.000000 0.619180
5.000000 0.566608
6.000000 0.509113
7.000000 0.443689
8.000000 0.377663
9.000000 0.314381
10.000000 0.254594
11.000000 0.188832
12.000000 0.138289
13.000000 0.101988
14.000000 0.073804
15.000000 0.053098
16.000000 0.042050
17.000000 0.036338
18.000000 0.033933
19.000000 0.033069
20.000000 0.032806
21.000000 0.033219
22.000000 0.031979
23.000000 0.032731
24.000000 0.032205
25.000000 0.031942
26.000000 0.032317
27.000000 0.031979
28.000000 0.032393
29.000000 0.032092
30.000000 0.032731
31.000000 0.032092
32.000000 0.032242
33.000000 0.032618
34.000000 0.032317
35.000000 0.032205
36.000000 0.031979
37.000000 0.031679
38.000000 0.032280
39.000000 0.032656
40.000000 0.032468
41.000000 0.032581
42.000000 0.032543
43.000000 0.032731
44.000000 0.032618
45.000000 0.032844
46.000000 0.032768
47.000000 0.032768
48.000000 0.032768
49.000000 0.032844
50.000000 0.032806
