0.000000 0.791392
1.000000 0.758572
2.000000 0.720856
3.000000 0.679052
4.000000 0.628226
5.000000 0.573762
6.000000 0.513085
7.000000 0.448381
8.000000 0.378812
9.000000 0.308884
10.000000 0.237799
11.000000 0.175807
12.000000 0.116337
13.000000 0.074046
14.000000 0.040996
15.000000 0.019601
16.000000 0.007786
17.000000 0.002632
18.000000 0.000518
19.000000 0.000100
20.000000 0.000010
21.000000 0.000000
22.000000 0.000000
23.000000 0.000000
24.000000 0.000000
25.000000 0.000000
26.000000 0.000000
27.000000 0.000000
28.000000 0.000000
29.000000 0.000000
30.000000 0.000000
31.000000 0.000000
32.000000 0.000000
33.000000 0.000000
34.000000 0.000000
35.000000 0.000000
36.000000 0.000000
37.000000 0.000000
38.000000 0.000000
39.000000 0.000000
40.000000 0.000000
41.000000 0.000000
42.000000 0.000000
43.000000 0.000000
44.000000 0.000000
45.000000 0.000000
46.000000 0.000000
47.000000 0.000000
48.000000 0.000000
49.000000 0.000000
50.000000 0.000000
0.000000 0.874251
1.000000 0.863803
2.000000 0.852876
3.000000 0.844102
4.000000 0.831770
5.000000 0.819278
6.000000 0.808620
7.000000 0.798770
8.000000 0.789129
9.000000 0.779548
10.000000 0.772031
11.000000 0.765710
12.000000 0.760376
13.000000 0.755521
14.000000 0.753547
15.000000 0.751363
16.000000 0.750626
17.000000 0.750147
18.000000 0.749878
19.000000 0.749858
20.000000 0.749848
21.000000 0.749848
22.000000 0.749848
23.000000 0.749848
24.000000 0.749848
25.000000 0.749848
26.000000 0.749848
27.000000 0.749848
28.000000 0.749848
29.000000 0.749848
30.000000 0.749848
31.000000 0.749848
32.000000 0.749848
33.000000 0.749848
34.000000 0.749848
35.000000 0.749848
36.000000 0.749848
37.000000 0.749848
38.000000 0.749848
39.000000 0.749848
40.000000 0.749848
41.000000 0.749848
42.000000 0.749848
43.000000 0.749848
44.000000 0.749848
45.000000 0.749848
46.000000 0.749848
47.000000 0.749848
48.000000 0.749848
49.000000 0.749848
50.000000 0.749848
0.000000 0.886434
1.000000 0.879704
2.000000 0.871938
3.000000 0.864999
4.000000 0.854660
5.000000 0.843833
6.000000 0.832737
7.000000 0.823066
8.000000 0.810444
9.000000 0.797623
10.000000 0.786188
11.000000 0.776577
12.000000 0.767076
13.000000 0.759668
14.000000 0.755840
15.000000 0.751872
16.000000 0.750227
17.000000 0.749160
18.000000 0.748861
19.000000 0.748781
20.000000 0.748761
21.000000 0.748771
22.000000 0.748781
23.000000 0.748761
24.000000 0.748761
25.000000 0.748761
26.000000 0.748771
27.000000 0.748751
28.000000 0.748751
29.000000 0.748751
30.000000 0.748751
31.000000 0.748751
32.000000 0.748751
33.000000 0.748751
34.000000 0.748751
35.000000 0.748751
36.000000 0.748751
37.000000 0.748751
38.000000 0.748751
39.000000 0.748751
40.000000 0.748751
41.000000 0.748751
42.000000 0.748751
43.000000 0.748751
44.000000 0.748751
45.000000 0.748751
46.000000 0.748751
47.000000 0.748751
48.000000 0.748751
49.000000 0.748751
50.000000 0.748751
0.000000 0.886404
1.000000 0.880701
2.000000 0.872456
3.000000 0.864441
4.000000 0.855488
5.000000 0.844980
6.000000 0.835419
7.000000 0.824591
8.000000 0.812349
9.000000 0.800664
10.000000 0.788959
11.000000 0.778172
12.000000 0.769319
13.000000 0.762031
14.000000 0.757246
15.000000 0.753896
16.000000 0.751932
17.000000 0.751074
18.000000 0.750785
19.000000 0.750725
20.000000 0.750665
21.000000 0.750626
22.000000 0.750656
23.000000 0.750616
24.000000 0.750626
25.000000 0.750596
26.000000 0.750705
27.000000 0.750665
28.000000 0.750665
29.000000 0.750656
30.000000 0.750656
31.000000 0.750665
32.000000 0.750715
33.000000 0.750675
34.000000 0.750685
35.000000 0.750675
36.000000 0.750705
37.000000 0.750695
38.000000 0.750705
39.000000 0.750665
40.000000 0.750705
41.000000 0.750705
42.000000 0.750705
43.000000 0.750705
44.000000 0.750705
45.000000 0.750705
46.000000 0.750705
47.000000 0.750705
48.000000 0.750705
49.000000 0.750705
50.000000 0.750705
0.000000 0.889435
1.000000 0.883254
2.000000 0.876484
3.000000 0.866036
4.000000 0.859974
5.000000 0.847492
6.000000 0.837522
7.000000 0.827802
8.000000 0.815310
9.000000 0.802259
10.000000 0.791911
11.000000 0.780964
12.000000 0.771712
13.000000 0.764643
14.000000 0.759728
15.000000 0.756518
16.000000 0.754743
17.000000 0.753696
18.000000 0.753288
19.000000 0.753258
20.000000 0.753188
21.000000 0.753158
22.000000 0.753138
23.000000 0.753268
24.000000 0.753228
25.000000 0.753258
26.000000 0.753168
27.000000 0.753238
28.000000 0.753188
29.000000 0.753307
30.000000 0.753188
31.000000 0.753228
32.000000 0.753258
33.000000 0.753268
34.000000 0.753238
35.000000 0.753258
36.000000 0.753307
37.000000 0.753228
38.000000 0.753218
39.000000 0.753268
40.000000 0.753258
41.000000 0.753268
42.000000 0.753298
43.000000 0.753278
44.000000 0.753258
45.000000 0.753278
46.000000 0.753268
47.000000 0.753268
48.000000 0.753268
49.000000 0.753268
50.000000 0.753268
0.000000 0.905476
1.000000 0.900900
2.000000 0.892207
3.000000 0.885068
4.000000 0.876185
5.000000 0.866156
6.000000 0.856076
7.000000 0.843873
8.000000 0.831750
9.000000 0.820404
10.000000 0.809697
11.000000 0.796965
12.000000 0.786367
13.000000 0.776178
14.000000 0.768083
15.000000 0.762450
16.000000 0.758003
17.000000 0.755790
18.000000 0.754623
19.000000 0.754035
20.000000 0.753636
21.000000 0.753666
22.000000 0.753886
23.000000 0.753646
24.000000 0.753627
25.000000 0.753547
26.000000 0.753597
27.000000 0.753507
28.000000 0.753597
29.000000 0.753666
30.000000 0.753736
31.000000 0.753547
32.000000 0.753856
33.000000 0.753786
34.000000 0.753726
35.000000 0.753726
36.000000 0.753756
37.000000 0.753876
38.000000 0.753896
39.000000 0.753896
40.000000 0.753886
41.000000 0.753965
42.000000 0.753975
43.000000 0.753975
44.000000 0.754005
45.000000 0.754035
46.000000 0.754045
47.000000 0.754065
48.000000 0.754025
49.000000 0.754065
50.000000 0.754065
0.000000 0.937529
1.000000 0.937878
2.000000 0.935545
3.000000 0.935665
4.000000 0.936622
5.000000 0.936522
6.000000 0.935166
7.000000 0.935276
8.000000 0.936074
9.000000 0.936722
10.000000 0.933631
11.000000 0.934548
12.000000 0.933212
13.000000 0.932245
14.000000 0.933731
15.000000 0.932724
16.000000 0.931807
17.000000 0.931717
18.000000 0.931368
19.000000 0.928556
20.000000 0.928098
21.000000 0.928616
22.000000 0.926054
23.000000 0.922934
24.000000 0.920311
25.000000 0.919464
26.000000 0.918108
27.000000 0.915147
28.000000 0.912585
29.000000 0.908328
30.000000 0.902844
31.000000 0.900990
32.000000 0.893353
33.000000 0.889894
34.000000 0.883224
35.000000 0.879076
36.000000 0.869446
37.000000 0.860762
38.000000 0.851719
39.000000 0.842517
40.000000 0.831640
41.000000 0.820135
42.000000 0.810135
43.000000 0.799597
44.000000 0.788870
45.000000 0.780615
46.000000 0.773446
47.000000 0.767465
48.000000 0.763357
49.000000 0.760456
50.000000 0.758661
