0.000000 0.839337
1.000000 0.820933
2.000000 0.794303
3.000000 0.765879
4.000000 0.728463
5.000000 0.694256
6.000000 0.641187
7.000000 0.592794
8.000000 0.530433
9.000000 0.465659
10.000000 0.405162
11.000000 0.334457
12.000000 0.260022
13.000000 0.199984
14.000000 0.141591
15.000000 0.090107
16.000000 0.053528
17.000000 0.030747
18.000000 0.015503
19.000000 0.005743
20.000000 0.001994
21.000000 0.000419
22.000000 0.000199
23.000000 0.000040
24.000000 0.000000
25.000000 0.000000
26.000000 0.000000
27.000000 0.000000
28.000000 0.000000
29.000000 0.000000
30.000000 0.000000
31.000000 0.000000
32.000000 0.000000
33.000000 0.000000
34.000000 0.000000
35.000000 0.000000
36.000000 0.000000
37.000000 0.000000
38.000000 0.000000
39.000000 0.000000
40.000000 0.000000
41.000000 0.000000
42.000000 0.000000
43.000000 0.000000
44.000000 0.000000
45.000000 0.000000
46.000000 0.000000
47.000000 0.000000
48.000000 0.000000
49.000000 0.000000
50.000000 0.000000
0.000000 0.843115
1.000000 0.821371
2.000000 0.796307
3.000000 0.766896
4.000000 0.727984
5.000000 0.688713
6.000000 0.641696
7.000000 0.583871
8.000000 0.525338
9.000000 0.467543
10.000000 0.394305
11.000000 0.330578
12.000000 0.257899
13.000000 0.201848
14.000000 0.149387
15.000000 0.093128
16.000000 0.055193
17.000000 0.030737
18.000000 0.014287
19.000000 0.006690
20.000000 0.002134
21.000000 0.000638
22.000000 0.000169
23.000000 0.000050
24.000000 0.000000
25.000000 0.000000
26.000000 0.000000
27.000000 0.000000
28.000000 0.000000
29.000000 0.000000
30.000000 0.000000
31.000000 0.000000
32.000000 0.000000
33.000000 0.000000
34.000000 0.000000
35.000000 0.000000
36.000000 0.000000
37.000000 0.000000
38.000000 0.000000
39.000000 0.000000
40.000000 0.000000
41.000000 0.000000
42.000000 0.000000
43.000000 0.000000
44.000000 0.000000
45.000000 0.000000
46.000000 0.000000
47.000000 0.000000
48.000000 0.000000
49.000000 0.000000
50.000000 0.000000
0.000000 0.840593
1.000000 0.816795
2.000000 0.796846
3.000000 0.767764
4.000000 0.726658
5.000000 0.686590
6.000000 0.635305
7.000000 0.587709
8.000000 0.534431
9.000000 0.469567
10.000000 0.398203
11.000000 0.334088
12.000000 0.265705
13.000000 0.197561
14.000000 0.141501
15.000000 0.095281
16.000000 0.057356
17.000000 0.030009
18.000000 0.015234
19.000000 0.006221
20.000000 0.002502
21.000000 0.000818
22.000000 0.000189
23.000000 0.000000
24.000000 0.000000
25.000000 0.000000
26.000000 0.000000
27.000000 0.000000
28.000000 0.000000
29.000000 0.000000
30.000000 0.000000
31.000000 0.000000
32.000000 0.000000
33.000000 0.000000
34.000000 0.000000
35.000000 0.000000
36.000000 0.000000
37.000000 0.000000
38.000000 0.000000
39.000000 0.000000
40.000000 0.000000
41.000000 0.000000
42.000000 0.000000
43.000000 0.000000
44.000000 0.000000
45.000000 0.000000
46.000000 0.000000
47.000000 0.000000
48.000000 0.000000
49.000000 0.000000
50.000000 0.000000
0.000000 0.840234
1.000000 0.823445
2.000000 0.794074
3.000000 0.767544
4.000000 0.730168
5.000000 0.688284
6.000000 0.642025
7.000000 0.584938
8.000000 0.531071
9.000000 0.472419
10.000000 0.398004
11.000000 0.331167
12.000000 0.262804
13.000000 0.193534
14.000000 0.140654
15.000000 0.094932
16.000000 0.057007
17.000000 0.031853
18.000000 0.017038
19.000000 0.008883
20.000000 0.003719
21.000000 0.001964
22.000000 0.001436
23.000000 0.001246
24.000000 0.000917
25.000000 0.000628
26.000000 0.000837
27.000000 0.001097
28.000000 0.000937
29.000000 0.000189
30.000000 0.000150
31.000000 0.000229
32.000000 0.000050
33.000000 0.000030
34.000000 0.000060
35.000000 0.000040
36.000000 0.000000
37.000000 0.000000
38.000000 0.000000
39.000000 0.000000
40.000000 0.000000
41.000000 0.000000
42.000000 0.000000
43.000000 0.000000
44.000000 0.000000
45.000000 0.000000
46.000000 0.000000
47.000000 0.000000
48.000000 0.000000
49.000000 0.000000
50.000000 0.000000
0.000000 0.845767
1.000000 0.825768
2.000000 0.802937
3.000000 0.765770
4.000000 0.742530
5.000000 0.693708
6.000000 0.650120
7.000000 0.596074
8.000000 0.544301
9.000000 0.478590
10.000000 0.407236
11.000000 0.343619
12.000000 0.275136
13.000000 0.207511
14.000000 0.150773
15.000000 0.099528
16.000000 0.063498
17.000000 0.037247
18.000000 0.021605
19.000000 0.012801
20.000000 0.008694
21.000000 0.006949
22.000000 0.005773
23.000000 0.005533
24.000000 0.005384
25.000000 0.005324
26.000000 0.005065
27.000000 0.005015
28.000000 0.005144
29.000000 0.004835
30.000000 0.004546
31.000000 0.004496
32.000000 0.004327
33.000000 0.003928
34.000000 0.003529
35.000000 0.003131
36.000000 0.003111
37.000000 0.002413
38.000000 0.002124
39.000000 0.001864
40.000000 0.001226
41.000000 0.001206
42.000000 0.001037
43.000000 0.000748
44.000000 0.000389
45.000000 0.000269
46.000000 0.000219
47.000000 0.000229
48.000000 0.000060
49.000000 0.000000
50.000000 0.000020
0.000000 0.893064
1.000000 0.874919
2.000000 0.854072
3.000000 0.829267
4.000000 0.802628
5.000000 0.768711
6.000000 0.721474
7.000000 0.682233
8.000000 0.618655
9.000000 0.567770
10.000000 0.511660
11.000000 0.440485
12.000000 0.369371
13.000000 0.302374
14.000000 0.229096
15.000000 0.173205
16.000000 0.117484
17.000000 0.082281
18.000000 0.052441
19.000000 0.034286
20.000000 0.022651
21.000000 0.017617
22.000000 0.014905
23.000000 0.013589
24.000000 0.012981
25.000000 0.013340
26.000000 0.012811
27.000000 0.012243
28.000000 0.012382
29.000000 0.012073
30.000000 0.011924
31.000000 0.011645
32.000000 0.011665
33.000000 0.011286
34.000000 0.011326
35.000000 0.010478
36.000000 0.009521
37.000000 0.009142
38.000000 0.008744
39.000000 0.007657
40.000000 0.007457
41.000000 0.005653
42.000000 0.005374
43.000000 0.004696
44.000000 0.003529
45.000000 0.003489
46.000000 0.002463
47.000000 0.002064
48.000000 0.001505
49.000000 0.001087
50.000000 0.000568
0.000000 0.937559
1.000000 0.937459
2.000000 0.937798
3.000000 0.936941
4.000000 0.936782
5.000000 0.937160
6.000000 0.937250
7.000000 0.937240
8.000000 0.938008
9.000000 0.937380
10.000000 0.937579
11.000000 0.936492
12.000000 0.935725
13.000000 0.937450
14.000000 0.936044
15.000000 0.935515
16.000000 0.934379
17.000000 0.934150
18.000000 0.933970
19.000000 0.933561
20.000000 0.931837
21.000000 0.930929
22.000000 0.928507
23.000000 0.927161
24.000000 0.925934
25.000000 0.921797
26.000000 0.917031
27.000000 0.914090
28.000000 0.908059
29.000000 0.898428
30.000000 0.887720
31.000000 0.878339
32.000000 0.862227
33.000000 0.847751
34.000000 0.826047
35.000000 0.807394
36.000000 0.774543
37.000000 0.737266
38.000000 0.703807
39.000000 0.656860
40.000000 0.609214
41.000000 0.549505
42.000000 0.502069
43.000000 0.432091
44.000000 0.370757
45.000000 0.302045
46.000000 0.238308
47.000000 0.183953
48.000000 0.142897
49.000000 0.104523
50.000000 0.074634
