0.000000 0.788252
1.000000 0.754873
2.000000 0.719739
3.000000 0.675752
4.000000 0.630539
5.000000 0.575745
6.000000 0.514411
7.000000 0.452170
8.000000 0.380019
9.000000 0.307688
10.000000 0.240611
11.000000 0.174352
12.000000 0.118282
13.000000 0.074973
14.000000 0.041086
15.000000 0.020269
16.000000 0.007846
17.000000 0.002732
18.000000 0.000618
19.000000 0.000080
20.000000 0.000040
21.000000 0.000010
22.000000 0.000000
23.000000 0.000000
24.000000 0.000000
25.000000 0.000000
26.000000 0.000000
27.000000 0.000000
28.000000 0.000000
29.000000 0.000000
30.000000 0.000000
31.000000 0.000000
32.000000 0.000000
33.000000 0.000000
34.000000 0.000000
35.000000 0.000000
36.000000 0.000000
37.000000 0.000000
38.000000 0.000000
39.000000 0.000000
40.000000 0.000000
41.000000 0.000000
42.000000 0.000000
43.000000 0.000000
44.000000 0.000000
45.000000 0.000000
46.000000 0.000000
47.000000 0.000000
48.000000 0.000000
49.000000 0.000000
50.000000 0.000000
0.000000 0.870981
1.000000 0.863643
2.000000 0.852218
3.000000 0.839576
4.000000 0.829846
5.000000 0.816785
6.000000 0.806626
7.000000 0.797354
8.000000 0.787225
9.000000 0.778960
10.000000 0.770017
11.000000 0.763347
12.000000 0.758322
13.000000 0.755820
14.000000 0.752111
15.000000 0.750765
16.000000 0.750017
17.000000 0.749519
18.000000 0.749290
19.000000 0.749190
20.000000 0.749180
21.000000 0.749180
22.000000 0.749180
23.000000 0.749180
24.000000 0.749180
25.000000 0.749180
26.000000 0.749180
27.000000 0.749180
28.000000 0.749180
29.000000 0.749180
30.000000 0.749180
31.000000 0.749180
32.000000 0.749180
33.000000 0.749180
34.000000 0.749180
35.000000 0.749180
36.000000 0.749180
37.000000 0.749180
38.000000 0.749180
39.000000 0.749180
40.000000 0.749180
41.000000 0.749180
42.000000 0.749180
43.000000 0.749180
44.000000 0.749180
45.000000 0.749180
46.000000 0.749180
47.000000 0.749180
48.000000 0.749180
49.000000 0.749180
50.000000 0.749180
0.000000 0.886923
1.000000 0.878967
2.000000 0.872247
3.000000 0.864381
4.000000 0.853115
5.000000 0.844641
6.000000 0.833674
7.000000 0.822418
8.000000 0.811661
9.000000 0.797085
10.000000 0.786975
11.000000 0.777225
12.000000 0.767036
13.000000 0.760326
14.000000 0.754923
15.000000 0.751652
16.000000 0.750077
17.000000 0.749040
18.000000 0.748831
19.000000 0.748731
20.000000 0.748711
21.000000 0.748711
22.000000 0.748711
23.000000 0.748711
24.000000 0.748711
25.000000 0.748711
26.000000 0.748711
27.000000 0.748711
28.000000 0.748711
29.000000 0.748711
30.000000 0.748711
31.000000 0.748711
32.000000 0.748711
33.000000 0.748711
34.000000 0.748711
35.000000 0.748711
36.000000 0.748711
37.000000 0.748711
38.000000 0.748711
39.000000 0.748711
40.000000 0.748711
41.000000 0.748711
42.000000 0.748711
43.000000 0.748711
44.000000 0.748711
45.000000 0.748711
46.000000 0.748711
47.000000 0.748711
48.000000 0.748711
49.000000 0.748711
50.000000 0.748711
0.000000 0.889285
1.000000 0.881359
2.000000 0.872307
3.000000 0.863743
4.000000 0.854282
5.000000 0.844740
6.000000 0.834272
7.000000 0.823355
8.000000 0.810843
9.000000 0.800604
10.000000 0.789049
11.000000 0.777145
12.000000 0.769070
13.000000 0.760954
14.000000 0.756528
15.000000 0.753377
16.000000 0.751373
17.000000 0.750486
18.000000 0.750157
19.000000 0.750087
20.000000 0.750037
21.000000 0.750037
22.000000 0.750037
23.000000 0.750037
24.000000 0.750037
25.000000 0.750037
26.000000 0.750037
27.000000 0.750037
28.000000 0.750037
29.000000 0.750037
30.000000 0.750037
31.000000 0.750037
32.000000 0.750037
33.000000 0.750037
34.000000 0.750037
35.000000 0.750037
36.000000 0.750037
37.000000 0.750037
38.000000 0.750037
39.000000 0.750037
40.000000 0.750037
41.000000 0.750037
42.000000 0.750037
43.000000 0.750037
44.000000 0.750037
45.000000 0.750037
46.000000 0.750037
47.000000 0.750037
48.000000 0.750037
49.000000 0.750037
50.000000 0.750037
0.000000 0.888917
1.000000 0.881399
2.000000 0.872935
3.000000 0.865527
4.000000 0.856983
5.000000 0.846685
6.000000 0.837203
7.000000 0.824542
8.000000 0.813236
9.000000 0.801332
10.000000 0.789278
11.000000 0.779558
12.000000 0.770844
13.000000 0.763666
14.000000 0.758223
15.000000 0.754873
16.000000 0.753268
17.000000 0.752181
18.000000 0.751822
19.000000 0.751762
20.000000 0.751702
21.000000 0.751643
22.000000 0.751593
23.000000 0.751662
24.000000 0.751643
25.000000 0.751762
26.000000 0.751583
27.000000 0.751553
28.000000 0.751593
29.000000 0.751543
30.000000 0.751523
31.000000 0.751553
32.000000 0.751503
33.000000 0.751513
34.000000 0.751523
35.000000 0.751533
36.000000 0.751503
37.000000 0.751513
38.000000 0.751503
39.000000 0.751503
40.000000 0.751503
41.000000 0.751503
42.000000 0.751503
43.000000 0.751503
44.000000 0.751503
45.000000 0.751503
46.000000 0.751503
47.000000 0.751503
48.000000 0.751503
49.000000 0.751503
50.000000 0.751503
0.000000 0.891678
1.000000 0.881669
2.000000 0.876285
3.000000 0.867312
4.000000 0.859207
5.000000 0.848419
6.000000 0.838868
7.000000 0.826436
8.000000 0.814991
9.000000 0.804183
10.000000 0.792289
11.000000 0.780944
12.000000 0.771722
13.000000 0.764833
14.000000 0.759379
15.000000 0.756199
16.000000 0.754195
17.000000 0.753317
18.000000 0.752909
19.000000 0.752819
20.000000 0.752659
21.000000 0.752769
22.000000 0.752679
23.000000 0.752799
24.000000 0.752839
25.000000 0.752849
26.000000 0.752779
27.000000 0.752959
28.000000 0.752909
29.000000 0.752919
30.000000 0.752978
31.000000 0.752919
32.000000 0.753068
33.000000 0.753098
34.000000 0.753108
35.000000 0.753068
36.000000 0.753118
37.000000 0.753048
38.000000 0.753128
39.000000 0.753118
40.000000 0.753168
41.000000 0.753128
42.000000 0.753138
43.000000 0.753128
44.000000 0.753128
45.000000 0.753118
46.000000 0.753128
47.000000 0.753118
48.000000 0.753128
49.000000 0.753158
50.000000 0.753128
0.000000 0.907869
1.000000 0.901289
2.000000 0.895387
3.000000 0.888328
4.000000 0.881948
5.000000 0.870233
6.000000 0.861450
7.000000 0.851161
8.000000 0.839397
9.000000 0.827443
10.000000 0.814751
11.000000 0.803715
12.000000 0.791233
13.000000 0.781971
14.000000 0.772449
15.000000 0.766448
16.000000 0.761184
17.000000 0.758312
18.000000 0.756897
19.000000 0.756428
20.000000 0.755999
21.000000 0.755979
22.000000 0.756059
23.000000 0.756079
24.000000 0.755989
25.000000 0.756239
26.000000 0.756129
27.000000 0.756159
28.000000 0.756428
29.000000 0.756348
30.000000 0.756538
31.000000 0.756687
32.000000 0.756687
33.000000 0.756737
34.000000 0.756897
35.000000 0.756897
36.000000 0.757126
37.000000 0.757136
38.000000 0.757156
39.000000 0.757226
40.000000 0.757216
41.000000 0.757275
42.000000 0.757256
43.000000 0.757265
44.000000 0.757256
45.000000 0.757275
46.000000 0.757285
47.000000 0.757265
48.000000 0.757256
49.000000 0.757275
50.000000 0.757265
