0.000000 0.009760
1.000000 0.007865
2.000000 0.006228
3.000000 0.005084
4.000000 0.003967
5.000000 0.003127
6.000000 0.002377
7.000000 0.001734
8.000000 0.001309
9.000000 0.000952
10.000000 0.000734
11.000000 0.000558
12.000000 0.000408
13.000000 0.000257
14.000000 0.000230
15.000000 0.000175
16.000000 0.000145
17.000000 0.000112
18.000000 0.000095
19.000000 0.000082
20.000000 0.000074
21.000000 0.000063
22.000000 0.000058
23.000000 0.000046
24.000000 0.000044
25.000000 0.000037
26.000000 0.000038
27.000000 0.000034
28.000000 0.000033
29.000000 0.000030
30.000000 0.000030
31.000000 0.000029
32.000000 0.000028
33.000000 0.000028
34.000000 0.000027
35.000000 0.000027
36.000000 0.000027
37.000000 0.000028
38.000000 0.000027
39.000000 0.000027
40.000000 0.000027
41.000000 0.000027
42.000000 0.000027
43.000000 0.000027
44.000000 0.000027
45.000000 0.000027
46.000000 0.000027
47.000000 0.000028
48.000000 0.000028
49.000000 0.000028
50.000000 0.000028
0.000000 0.020758
1.000000 0.015669
2.000000 0.012744
3.000000 0.010461
4.000000 0.008229
5.000000 0.006650
6.000000 0.005302
7.000000 0.004117
8.000000 0.003222
9.000000 0.002658
10.000000 0.002123
11.000000 0.001708
12.000000 0.001455
13.000000 0.001111
14.000000 0.000915
15.000000 0.000783
16.000000 0.000596
17.000000 0.000528
18.000000 0.000428
19.000000 0.000365
20.000000 0.000310
21.000000 0.000276
22.000000 0.000240
23.000000 0.000219
24.000000 0.000199
25.000000 0.000181
26.000000 0.000165
27.000000 0.000154
28.000000 0.000152
29.000000 0.000142
30.000000 0.000136
31.000000 0.000130
32.000000 0.000129
33.000000 0.000126
34.000000 0.000125
35.000000 0.000123
36.000000 0.000121
37.000000 0.000119
38.000000 0.000119
39.000000 0.000120
40.000000 0.000119
41.000000 0.000117
42.000000 0.000118
43.000000 0.000118
44.000000 0.000118
45.000000 0.000118
46.000000 0.000117
47.000000 0.000117
48.000000 0.000117
49.000000 0.000117
50.000000 0.000117
0.000000 0.040141
1.000000 0.032877
2.000000 0.025369
3.000000 0.020004
4.000000 0.016756
5.000000 0.012769
6.000000 0.010085
7.000000 0.008042
8.000000 0.006207
9.000000 0.005307
10.000000 0.004136
11.000000 0.003231
12.000000 0.002735
13.000000 0.002183
14.000000 0.001812
15.000000 0.001428
16.000000 0.001182
17.000000 0.000975
18.000000 0.000820
19.000000 0.000668
20.000000 0.000583
21.000000 0.000511
22.000000 0.000425
23.000000 0.000394
24.000000 0.000343
25.000000 0.000312
26.000000 0.000290
27.000000 0.000264
28.000000 0.000253
29.000000 0.000242
30.000000 0.000221
31.000000 0.000218
32.000000 0.000212
33.000000 0.000208
34.000000 0.000200
35.000000 0.000194
36.000000 0.000194
37.000000 0.000193
38.000000 0.000190
39.000000 0.000188
40.000000 0.000188
41.000000 0.000189
42.000000 0.000186
43.000000 0.000186
44.000000 0.000185
45.000000 0.000186
46.000000 0.000186
47.000000 0.000185
48.000000 0.000185
49.000000 0.000185
50.000000 0.000185
0.000000 0.079532
1.000000 0.064963
2.000000 0.049187
3.000000 0.040837
4.000000 0.032532
5.000000 0.025836
6.000000 0.020020
7.000000 0.016453
8.000000 0.012853
9.000000 0.010412
10.000000 0.008679
11.000000 0.006843
12.000000 0.005346
13.000000 0.004415
14.000000 0.003422
15.000000 0.003007
16.000000 0.002385
17.000000 0.001915
18.000000 0.001710
19.000000 0.001425
20.000000 0.001201
21.000000 0.001077
22.000000 0.000945
23.000000 0.000845
24.000000 0.000717
25.000000 0.000690
26.000000 0.000636
27.000000 0.000609
28.000000 0.000577
29.000000 0.000542
30.000000 0.000516
31.000000 0.000499
32.000000 0.000486
33.000000 0.000477
34.000000 0.000475
35.000000 0.000465
36.000000 0.000459
37.000000 0.000454
38.000000 0.000456
39.000000 0.000450
40.000000 0.000451
41.000000 0.000444
42.000000 0.000444
43.000000 0.000444
44.000000 0.000444
45.000000 0.000441
46.000000 0.000442
47.000000 0.000440
48.000000 0.000440
49.000000 0.000440
50.000000 0.000440
0.000000 0.160328
1.000000 0.124697
2.000000 0.101784
3.000000 0.082958
4.000000 0.065146
5.000000 0.049939
6.000000 0.038850
7.000000 0.032467
8.000000 0.027059
9.000000 0.021946
10.000000 0.017329
11.000000 0.013986
12.000000 0.011287
13.000000 0.008803
14.000000 0.007354
15.000000 0.006009
16.000000 0.005159
17.000000 0.003998
18.000000 0.003308
19.000000 0.002996
20.000000 0.002356
21.000000 0.002223
22.000000 0.001928
23.000000 0.001694
24.000000 0.001564
25.000000 0.001403
26.000000 0.001312
27.000000 0.001219
28.000000 0.001188
29.000000 0.001123
30.000000 0.001048
31.000000 0.001021
32.000000 0.000971
33.000000 0.000964
34.000000 0.000958
35.000000 0.000938
36.000000 0.000942
37.000000 0.000920
38.000000 0.000916
39.000000 0.000908
40.000000 0.000915
41.000000 0.000902
42.000000 0.000906
43.000000 0.000902
44.000000 0.000899
45.000000 0.000899
46.000000 0.000893
47.000000 0.000900
48.000000 0.000896
49.000000 0.000895
50.000000 0.000897
0.000000 0.318851
1.000000 0.264087
2.000000 0.210258
3.000000 0.160267
4.000000 0.134954
5.000000 0.101484
6.000000 0.085102
7.000000 0.066327
8.000000 0.051746
9.000000 0.043672
10.000000 0.034761
11.000000 0.027344
12.000000 0.022000
13.000000 0.019072
14.000000 0.015113
15.000000 0.012246
16.000000 0.010400
17.000000 0.008154
18.000000 0.007100
19.000000 0.006116
20.000000 0.005383
21.000000 0.004743
22.000000 0.004275
23.000000 0.003873
24.000000 0.003587
25.000000 0.003132
26.000000 0.003084
27.000000 0.002921
28.000000 0.002762
29.000000 0.002711
30.000000 0.002602
31.000000 0.002484
32.000000 0.002450
33.000000 0.002457
34.000000 0.002422
35.000000 0.002361
36.000000 0.002350
37.000000 0.002322
38.000000 0.002313
39.000000 0.002289
40.000000 0.002289
41.000000 0.002289
42.000000 0.002264
43.000000 0.002275
44.000000 0.002268
45.000000 0.002272
46.000000 0.002268
47.000000 0.002257
48.000000 0.002248
49.000000 0.002264
50.000000 0.002255
0.000000 0.630807
1.000000 0.527743
2.000000 0.412644
3.000000 0.323894
4.000000 0.261676
5.000000 0.201716
6.000000 0.164968
7.000000 0.128234
8.000000 0.102109
9.000000 0.082594
10.000000 0.063942
11.000000 0.052090
12.000000 0.040666
13.000000 0.032990
14.000000 0.027675
15.000000 0.021095
16.000000 0.017515
17.000000 0.013725
18.000000 0.011358
19.000000 0.009113
20.000000 0.007982
21.000000 0.006610
22.000000 0.005660
23.000000 0.004870
24.000000 0.004221
25.000000 0.003613
26.000000 0.003112
27.000000 0.002828
28.000000 0.002605
29.000000 0.002470
30.000000 0.002290
31.000000 0.002126
32.000000 0.001970
33.000000 0.001971
34.000000 0.001834
35.000000 0.001858
36.000000 0.001825
37.000000 0.001785
38.000000 0.001714
39.000000 0.001741
40.000000 0.001714
41.000000 0.001694
42.000000 0.001666
43.000000 0.001667
44.000000 0.001671
45.000000 0.001661
46.000000 0.001648
47.000000 0.001645
48.000000 0.001645
49.000000 0.001644
50.000000 0.001646
