0.000000 0.837771
1.000000 0.814242
2.000000 0.794390
3.000000 0.739615
4.000000 0.708878
5.000000 0.653942
6.000000 0.633441
7.000000 0.597477
8.000000 0.495622
9.000000 0.464506
10.000000 0.420855
11.000000 0.355364
12.000000 0.251789
13.000000 0.188907
14.000000 0.126125
15.000000 0.086572
16.000000 0.074587
17.000000 0.032776
18.000000 0.015913
19.000000 0.004388
20.000000 0.002309
21.000000 0.000790
22.000000 0.000050
23.000000 0.000010
24.000000 0.000000
25.000000 0.000000
26.000000 0.000000
27.000000 0.000000
28.000000 0.000000
29.000000 0.000000
30.000000 0.000000
31.000000 0.000000
32.000000 0.000000
33.000000 0.000000
34.000000 0.000000
35.000000 0.000000
36.000000 0.000000
37.000000 0.000000
38.000000 0.000000
39.000000 0.000000
40.000000 0.000000
41.000000 0.000000
42.000000 0.000000
43.000000 0.000000
44.000000 0.000000
45.000000 0.000000
46.000000 0.000000
47.000000 0.000000
48.000000 0.000000
49.000000 0.000000
50.000000 0.000000
0.000000 0.827486
1.000000 0.810893
2.000000 0.772990
3.000000 0.733537
4.000000 0.723102
5.000000 0.648475
6.000000 0.618248
7.000000 0.581014
8.000000 0.527908
9.000000 0.441146
10.000000 0.425013
11.000000 0.318390
12.000000 0.247701
13.000000 0.189437
14.000000 0.124785
15.000000 0.078965
16.000000 0.060793
17.000000 0.035095
18.000000 0.016223
19.000000 0.005288
20.000000 0.002419
21.000000 0.000940
22.000000 0.000170
23.000000 0.000000
24.000000 0.000000
25.000000 0.000000
26.000000 0.000000
27.000000 0.000000
28.000000 0.000000
29.000000 0.000000
30.000000 0.000000
31.000000 0.000000
32.000000 0.000000
33.000000 0.000000
34.000000 0.000000
35.000000 0.000000
36.000000 0.000000
37.000000 0.000000
38.000000 0.000000
39.000000 0.000000
40.000000 0.000000
41.000000 0.000000
42.000000 0.000000
43.000000 0.000000
44.000000 0.000000
45.000000 0.000000
46.000000 0.000000
47.000000 0.000000
48.000000 0.000000
49.000000 0.000000
50.000000 0.000000
0.000000 0.832304
1.000000 0.823028
2.000000 0.774769
3.000000 0.787184
4.000000 0.744832
5.000000 0.680780
6.000000 0.655182
7.000000 0.560184
8.000000 0.522840
9.000000 0.454690
10.000000 0.398555
11.000000 0.349856
12.000000 0.278597
13.000000 0.226600
14.000000 0.161799
15.000000 0.109582
16.000000 0.087172
17.000000 0.059594
18.000000 0.049968
19.000000 0.035105
20.000000 0.031466
21.000000 0.028148
22.000000 0.020411
23.000000 0.024339
24.000000 0.021531
25.000000 0.016653
26.000000 0.015713
27.000000 0.013444
28.000000 0.013244
29.000000 0.012115
30.000000 0.010465
31.000000 0.008726
32.000000 0.004018
33.000000 0.011405
34.000000 0.002569
35.000000 0.001669
36.000000 0.000980
37.000000 0.006027
38.000000 0.000360
39.000000 0.000070
40.000000 0.000570
41.000000 0.000010
42.000000 0.000000
43.000000 0.000050
44.000000 0.000000
45.000000 0.000000
46.000000 0.000000
47.000000 0.000000
48.000000 0.000000
49.000000 0.000000
50.000000 0.000000
0.000000 0.841180
1.000000 0.850876
2.000000 0.802217
3.000000 0.768482
4.000000 0.731128
5.000000 0.706069
6.000000 0.662608
7.000000 0.579475
8.000000 0.527208
9.000000 0.474861
10.000000 0.421954
11.000000 0.386800
12.000000 0.302727
13.000000 0.247761
14.000000 0.201471
15.000000 0.169805
16.000000 0.129393
17.000000 0.107693
18.000000 0.101355
19.000000 0.092519
20.000000 0.092020
21.000000 0.085053
22.000000 0.083353
23.000000 0.088391
24.000000 0.081524
25.000000 0.074657
26.000000 0.075817
27.000000 0.070059
28.000000 0.081924
29.000000 0.072108
30.000000 0.072738
31.000000 0.061673
32.000000 0.060733
33.000000 0.054276
34.000000 0.053446
35.000000 0.053906
36.000000 0.050338
37.000000 0.044960
38.000000 0.048039
39.000000 0.039273
40.000000 0.037573
41.000000 0.026848
42.000000 0.028547
43.000000 0.021041
44.000000 0.019232
45.000000 0.011585
46.000000 0.015783
47.000000 0.008106
48.000000 0.003538
49.000000 0.003319
50.000000 0.003319
0.000000 0.924983
1.000000 0.929901
2.000000 0.912419
3.000000 0.906151
4.000000 0.874645
5.000000 0.877104
6.000000 0.844778
7.000000 0.838531
8.000000 0.812463
9.000000 0.759456
10.000000 0.754818
11.000000 0.707159
12.000000 0.637500
13.000000 0.604254
14.000000 0.554056
15.000000 0.519641
16.000000 0.473332
17.000000 0.408490
18.000000 0.388609
19.000000 0.340000
20.000000 0.306945
21.000000 0.286984
22.000000 0.259376
23.000000 0.257976
24.000000 0.241914
25.000000 0.227680
26.000000 0.222912
27.000000 0.208688
28.000000 0.201601
29.000000 0.194245
30.000000 0.183839
31.000000 0.191296
32.000000 0.171764
33.000000 0.152333
34.000000 0.148974
35.000000 0.120837
36.000000 0.117318
37.000000 0.102305
38.000000 0.084173
39.000000 0.063482
40.000000 0.050128
41.000000 0.058064
42.000000 0.029567
43.000000 0.021101
44.000000 0.012564
45.000000 0.011485
46.000000 0.008056
47.000000 0.006357
48.000000 0.000330
49.000000 0.000040
50.000000 0.000030
