0.000000 0.000496
1.000000 0.000396
2.000000 0.000314
3.000000 0.000249
4.000000 0.000198
5.000000 0.000156
6.000000 0.000125
7.000000 0.000099
8.000000 0.000079
9.000000 0.000063
10.000000 0.000050
11.000000 0.000040
12.000000 0.000032
13.000000 0.000025
14.000000 0.000020
15.000000 0.000016
16.000000 0.000013
17.000000 0.000010
18.000000 0.000008
19.000000 0.000007
20.000000 0.000005
21.000000 0.000004
22.000000 0.000003
23.000000 0.000003
24.000000 0.000002
25.000000 0.000002
26.000000 0.000002
27.000000 0.000001
28.000000 0.000001
29.000000 0.000001
30.000000 0.000001
31.000000 0.000001
32.000000 0.000001
33.000000 0.000001
34.000000 0.000001
35.000000 0.000001
36.000000 0.000000
37.000000 0.000000
38.000000 0.000000
39.000000 0.000000
40.000000 0.000000
41.000000 0.000000
42.000000 0.000000
43.000000 0.000000
44.000000 0.000000
45.000000 0.000000
46.000000 0.000000
47.000000 0.000000
48.000000 0.000000
49.000000 0.000000
50.000000 0.000000
0.000000 0.000373
1.000000 0.000298
2.000000 0.000237
3.000000 0.000188
4.000000 0.000150
5.000000 0.000119
6.000000 0.000094
7.000000 0.000075
8.000000 0.000060
9.000000 0.000047
10.000000 0.000038
11.000000 0.000030
12.000000 0.000024
13.000000 0.000019
14.000000 0.000015
15.000000 0.000012
16.000000 0.000010
17.000000 0.000008
18.000000 0.000007
19.000000 0.000005
20.000000 0.000004
21.000000 0.000004
22.000000 0.000003
23.000000 0.000003
24.000000 0.000002
25.000000 0.000002
26.000000 0.000002
27.000000 0.000001
28.000000 0.000001
29.000000 0.000001
30.000000 0.000001
31.000000 0.000001
32.000000 0.000001
33.000000 0.000001
34.000000 0.000001
35.000000 0.000001
36.000000 0.000001
37.000000 0.000001
38.000000 0.000001
39.000000 0.000001
40.000000 0.000001
41.000000 0.000001
42.000000 0.000001
43.000000 0.000001
44.000000 0.000001
45.000000 0.000001
46.000000 0.000001
47.000000 0.000001
48.000000 0.000001
49.000000 0.000001
50.000000 0.000001
0.000000 0.000341
1.000000 0.000275
2.000000 0.000219
3.000000 0.000174
4.000000 0.000139
5.000000 0.000110
6.000000 0.000087
7.000000 0.000070
8.000000 0.000055
9.000000 0.000044
10.000000 0.000035
11.000000 0.000028
12.000000 0.000022
13.000000 0.000018
14.000000 0.000014
15.000000 0.000012
16.000000 0.000010
17.000000 0.000007
18.000000 0.000006
19.000000 0.000005
20.000000 0.000004
21.000000 0.000003
22.000000 0.000003
23.000000 0.000002
24.000000 0.000002
25.000000 0.000002
26.000000 0.000002
27.000000 0.000001
28.000000 0.000001
29.000000 0.000001
30.000000 0.000001
31.000000 0.000001
32.000000 0.000001
33.000000 0.000001
34.000000 0.000001
35.000000 0.000001
36.000000 0.000001
37.000000 0.000001
38.000000 0.000001
39.000000 0.000001
40.000000 0.000001
41.000000 0.000001
42.000000 0.000001
43.000000 0.000001
44.000000 0.000001
45.000000 0.000001
46.000000 0.000001
47.000000 0.000001
48.000000 0.000001
49.000000 0.000001
50.000000 0.000001
0.000000 0.000347
1.000000 0.000289
2.000000 0.000226
3.000000 0.000184
4.000000 0.000146
5.000000 0.000113
6.000000 0.000090
7.000000 0.000071
8.000000 0.000056
9.000000 0.000046
10.000000 0.000036
11.000000 0.000029
12.000000 0.000024
13.000000 0.000019
14.000000 0.000016
15.000000 0.000012
16.000000 0.000010
17.000000 0.000008
18.000000 0.000007
19.000000 0.000006
20.000000 0.000005
21.000000 0.000004
22.000000 0.000003
23.000000 0.000003
24.000000 0.000002
25.000000 0.000002
26.000000 0.000002
27.000000 0.000002
28.000000 0.000002
29.000000 0.000002
30.000000 0.000002
31.000000 0.000001
32.000000 0.000001
33.000000 0.000001
34.000000 0.000001
35.000000 0.000001
36.000000 0.000001
37.000000 0.000001
38.000000 0.000001
39.000000 0.000001
40.000000 0.000001
41.000000 0.000001
42.000000 0.000001
43.000000 0.000001
44.000000 0.000001
45.000000 0.000001
46.000000 0.000001
47.000000 0.000001
48.000000 0.000001
49.000000 0.000001
50.000000 0.000001
0.000000 0.000446
1.000000 0.000404
2.000000 0.000284
3.000000 0.000252
4.000000 0.000218
5.000000 0.000152
6.000000 0.000122
7.000000 0.000113
8.000000 0.000081
9.000000 0.000075
10.000000 0.000063
11.000000 0.000045
12.000000 0.000041
13.000000 0.000040
14.000000 0.000029
15.000000 0.000026
16.000000 0.000026
17.000000 0.000023
18.000000 0.000023
19.000000 0.000017
20.000000 0.000020
21.000000 0.000019
22.000000 0.000018
23.000000 0.000017
24.000000 0.000017
25.000000 0.000016
26.000000 0.000016
27.000000 0.000015
28.000000 0.000015
29.000000 0.000015
30.000000 0.000015
31.000000 0.000016
32.000000 0.000015
33.000000 0.000015
34.000000 0.000014
35.000000 0.000015
36.000000 0.000015
37.000000 0.000015
38.000000 0.000014
39.000000 0.000015
40.000000 0.000015
41.000000 0.000015
42.000000 0.000015
43.000000 0.000015
44.000000 0.000015
45.000000 0.000015
46.000000 0.000015
47.000000 0.000015
48.000000 0.000015
49.000000 0.000015
50.000000 0.000015
0.000000 0.001515
1.000000 0.001609
2.000000 0.000929
3.000000 0.001116
4.000000 0.000694
5.000000 0.000803
6.000000 0.000515
7.000000 0.000561
8.000000 0.000421
9.000000 0.000532
10.000000 0.000380
11.000000 0.000277
12.000000 0.000312
13.000000 0.000319
14.000000 0.000259
15.000000 0.000274
16.000000 0.000205
17.000000 0.000237
18.000000 0.000247
19.000000 0.000233
20.000000 0.000221
21.000000 0.000222
22.000000 0.000216
23.000000 0.000211
24.000000 0.000223
25.000000 0.000224
26.000000 0.000215
27.000000 0.000211
28.000000 0.000207
29.000000 0.000209
30.000000 0.000211
31.000000 0.000217
32.000000 0.000212
33.000000 0.000213
34.000000 0.000215
35.000000 0.000215
36.000000 0.000216
37.000000 0.000216
38.000000 0.000215
39.000000 0.000214
40.000000 0.000213
41.000000 0.000214
42.000000 0.000214
43.000000 0.000216
44.000000 0.000215
45.000000 0.000215
46.000000 0.000215
47.000000 0.000213
48.000000 0.000215
49.000000 0.000214
50.000000 0.000214
0.000000 0.008940
1.000000 0.007497
2.000000 0.012343
3.000000 0.006066
4.000000 0.010716
5.000000 0.005492
6.000000 0.005813
7.000000 0.005304
8.000000 0.004742
9.000000 0.006432
10.000000 0.005218
11.000000 0.004181
12.000000 0.005227
13.000000 0.004541
14.000000 0.003744
15.000000 0.004087
16.000000 0.004044
17.000000 0.004023
18.000000 0.004238
19.000000 0.004042
20.000000 0.003993
21.000000 0.004042
22.000000 0.003966
23.000000 0.004035
24.000000 0.003948
25.000000 0.003971
26.000000 0.004013
27.000000 0.003953
28.000000 0.004044
29.000000 0.004004
30.000000 0.004102
31.000000 0.003972
32.000000 0.004028
33.000000 0.003982
34.000000 0.003966
35.000000 0.004030
36.000000 0.004009
37.000000 0.003968
38.000000 0.003991
39.000000 0.004002
40.000000 0.003992
41.000000 0.004019
42.000000 0.003979
43.000000 0.003979
44.000000 0.003995
45.000000 0.003996
46.000000 0.003990
47.000000 0.004002
48.000000 0.003990
49.000000 0.003993
50.000000 0.003999
