0.000000 0.753824
1.000000 0.726016
2.000000 0.696704
3.000000 0.656909
4.000000 0.617714
5.000000 0.565217
6.000000 0.514524
7.000000 0.457856
8.000000 0.388974
9.000000 0.319492
10.000000 0.258765
11.000000 0.192777
12.000000 0.134418
13.000000 0.092293
14.000000 0.052422
15.000000 0.027207
16.000000 0.012063
17.000000 0.004397
18.000000 0.000977
19.000000 0.000225
20.000000 0.000000
21.000000 0.000000
22.000000 0.000000
23.000000 0.000000
24.000000 0.000000
25.000000 0.000000
26.000000 0.000000
27.000000 0.000000
28.000000 0.000000
29.000000 0.000000
30.000000 0.000000
31.000000 0.000000
32.000000 0.000000
33.000000 0.000000
34.000000 0.000000
35.000000 0.000000
36.000000 0.000000
37.000000 0.000000
38.000000 0.000000
39.000000 0.000000
40.000000 0.000000
41.000000 0.000000
42.000000 0.000000
43.000000 0.000000
44.000000 0.000000
45.000000 0.000000
46.000000 0.000000
47.000000 0.000000
48.000000 0.000000
49.000000 0.000000
50.000000 0.000000
0.000000 0.763406
1.000000 0.740408
2.000000 0.710759
3.000000 0.675548
4.000000 0.628499
5.000000 0.579384
6.000000 0.531284
7.000000 0.472887
8.000000 0.409981
9.000000 0.344933
10.000000 0.284168
11.000000 0.218368
12.000000 0.154072
13.000000 0.105220
14.000000 0.064936
15.000000 0.036188
16.000000 0.016234
17.000000 0.006388
18.000000 0.001841
19.000000 0.000526
20.000000 0.000075
21.000000 0.000000
22.000000 0.000000
23.000000 0.000000
24.000000 0.000000
25.000000 0.000000
26.000000 0.000000
27.000000 0.000000
28.000000 0.000000
29.000000 0.000000
30.000000 0.000000
31.000000 0.000000
32.000000 0.000000
33.000000 0.000000
34.000000 0.000000
35.000000 0.000000
36.000000 0.000000
37.000000 0.000000
38.000000 0.000000
39.000000 0.000000
40.000000 0.000000
41.000000 0.000000
42.000000 0.000000
43.000000 0.000000
44.000000 0.000000
45.000000 0.000000
46.000000 0.000000
47.000000 0.000000
48.000000 0.000000
49.000000 0.000000
50.000000 0.000000
0.000000 0.810680
1.000000 0.790049
2.000000 0.771598
3.000000 0.740371
4.000000 0.710270
5.000000 0.677802
6.000000 0.632896
7.000000 0.588366
8.000000 0.534478
9.000000 0.475781
10.000000 0.414641
11.000000 0.346849
12.000000 0.279283
13.000000 0.217692
14.000000 0.158431
15.000000 0.102439
16.000000 0.061854
17.000000 0.034459
18.000000 0.018000
19.000000 0.005825
20.000000 0.001954
21.000000 0.000601
22.000000 0.000038
23.000000 0.000000
24.000000 0.000000
25.000000 0.000000
26.000000 0.000000
27.000000 0.000000
28.000000 0.000000
29.000000 0.000000
30.000000 0.000000
31.000000 0.000000
32.000000 0.000000
33.000000 0.000000
34.000000 0.000000
35.000000 0.000000
36.000000 0.000000
37.000000 0.000000
38.000000 0.000000
39.000000 0.000000
40.000000 0.000000
41.000000 0.000000
42.000000 0.000000
43.000000 0.000000
44.000000 0.000000
45.000000 0.000000
46.000000 0.000000
47.000000 0.000000
48.000000 0.000000
49.000000 0.000000
50.000000 0.000000
0.000000 0.843599
1.000000 0.831536
2.000000 0.815377
3.000000 0.793882
4.000000 0.769945
5.000000 0.746345
6.000000 0.712600
7.000000 0.675923
8.000000 0.636992
9.000000 0.589305
10.000000 0.540265
11.000000 0.478787
12.000000 0.418624
13.000000 0.353463
14.000000 0.286987
15.000000 0.220059
16.000000 0.158393
17.000000 0.106046
18.000000 0.067341
19.000000 0.036752
20.000000 0.016497
21.000000 0.008004
22.000000 0.002067
23.000000 0.000451
24.000000 0.000038
25.000000 0.000000
26.000000 0.000000
27.000000 0.000000
28.000000 0.000000
29.000000 0.000000
30.000000 0.000000
31.000000 0.000000
32.000000 0.000000
33.000000 0.000000
34.000000 0.000000
35.000000 0.000000
36.000000 0.000000
37.000000 0.000000
38.000000 0.000000
39.000000 0.000000
40.000000 0.000000
41.000000 0.000000
42.000000 0.000000
43.000000 0.000000
44.000000 0.000000
45.000000 0.000000
46.000000 0.000000
47.000000 0.000000
48.000000 0.000000
49.000000 0.000000
50.000000 0.000000
0.000000 0.875352
1.000000 0.864868
2.000000 0.857540
3.000000 0.836834
4.000000 0.823156
5.000000 0.807260
6.000000 0.782120
7.000000 0.756642
8.000000 0.728608
9.000000 0.696329
10.000000 0.654128
11.000000 0.603435
12.000000 0.560069
13.000000 0.505994
14.000000 0.445568
15.000000 0.377776
16.000000 0.316373
17.000000 0.241742
18.000000 0.182706
19.000000 0.127466
20.000000 0.080230
21.000000 0.047462
22.000000 0.023148
23.000000 0.009958
24.000000 0.003382
25.000000 0.001090
26.000000 0.000113
27.000000 0.000000
28.000000 0.000000
29.000000 0.000000
30.000000 0.000000
31.000000 0.000000
32.000000 0.000000
33.000000 0.000000
34.000000 0.000000
35.000000 0.000000
36.000000 0.000000
37.000000 0.000000
38.000000 0.000000
39.000000 0.000000
40.000000 0.000000
41.000000 0.000000
42.000000 0.000000
43.000000 0.000000
44.000000 0.000000
45.000000 0.000000
46.000000 0.000000
47.000000 0.000000
48.000000 0.000000
49.000000 0.000000
50.000000 0.000000
0.000000 0.901507
1.000000 0.895419
2.000000 0.891736
3.000000 0.878546
4.000000 0.868325
5.000000 0.855098
6.000000 0.838751
7.000000 0.825185
8.000000 0.809139
9.000000 0.785427
10.000000 0.761790
11.000000 0.728045
12.000000 0.688850
13.000000 0.661756
14.000000 0.614107
15.000000 0.561685
16.000000 0.508436
17.000000 0.444891
18.000000 0.382098
19.000000 0.316035
20.000000 0.249822
21.000000 0.185450
22.000000 0.128706
23.000000 0.083236
24.000000 0.047011
25.000000 0.023712
26.000000 0.011687
27.000000 0.003833
28.000000 0.001090
29.000000 0.000188
30.000000 0.000038
31.000000 0.000000
32.000000 0.000000
33.000000 0.000000
34.000000 0.000000
35.000000 0.000000
36.000000 0.000000
37.000000 0.000000
38.000000 0.000000
39.000000 0.000000
40.000000 0.000000
41.000000 0.000000
42.000000 0.000000
43.000000 0.000000
44.000000 0.000000
45.000000 0.000000
46.000000 0.000000
47.000000 0.000000
48.000000 0.000000
49.000000 0.000000
50.000000 0.000000
0.000000 0.911954
1.000000 0.903762
2.000000 0.897636
3.000000 0.890534
4.000000 0.883206
5.000000 0.869452
6.000000 0.857202
7.000000 0.838525
8.000000 0.820525
9.000000 0.803916
10.000000 0.781857
11.000000 0.748525
12.000000 0.714780
13.000000 0.681786
14.000000 0.647439
15.000000 0.591034
16.000000 0.544474
17.000000 0.481756
18.000000 0.422344
19.000000 0.353613
20.000000 0.288302
21.000000 0.222878
22.000000 0.160685
23.000000 0.107324
24.000000 0.065574
25.000000 0.035098
26.000000 0.019052
27.000000 0.007177
28.000000 0.002330
29.000000 0.000376
30.000000 0.000075
31.000000 0.000038
32.000000 0.000000
33.000000 0.000000
34.000000 0.000000
35.000000 0.000000
36.000000 0.000000
37.000000 0.000000
38.000000 0.000000
39.000000 0.000000
40.000000 0.000000
41.000000 0.000000
42.000000 0.000000
43.000000 0.000000
44.000000 0.000000
45.000000 0.000000
46.000000 0.000000
47.000000 0.000000
48.000000 0.000000
49.000000 0.000000
50.000000 0.000000
