0.000000 0.754312
1.000000 0.726692
2.000000 0.697644
3.000000 0.658111
4.000000 0.618241
5.000000 0.565969
6.000000 0.515802
7.000000 0.458607
8.000000 0.390252
9.000000 0.320619
10.000000 0.259968
11.000000 0.193604
12.000000 0.135433
13.000000 0.093232
14.000000 0.052948
15.000000 0.027357
16.000000 0.012363
17.000000 0.004434
18.000000 0.000977
19.000000 0.000225
20.000000 0.000000
21.000000 0.000000
22.000000 0.000000
23.000000 0.000000
24.000000 0.000000
25.000000 0.000000
26.000000 0.000000
27.000000 0.000000
28.000000 0.000000
29.000000 0.000000
30.000000 0.000000
31.000000 0.000000
32.000000 0.000000
33.000000 0.000000
34.000000 0.000000
35.000000 0.000000
36.000000 0.000000
37.000000 0.000000
38.000000 0.000000
39.000000 0.000000
40.000000 0.000000
41.000000 0.000000
42.000000 0.000000
43.000000 0.000000
44.000000 0.000000
45.000000 0.000000
46.000000 0.000000
47.000000 0.000000
48.000000 0.000000
49.000000 0.000000
50.000000 0.000000
0.000000 0.764646
1.000000 0.740746
2.000000 0.711134
3.000000 0.676262
4.000000 0.629815
5.000000 0.580399
6.000000 0.531960
7.000000 0.473977
8.000000 0.410206
9.000000 0.345910
10.000000 0.284957
11.000000 0.219195
12.000000 0.154823
13.000000 0.105445
14.000000 0.065913
15.000000 0.036639
16.000000 0.016459
17.000000 0.006576
18.000000 0.001992
19.000000 0.000526
20.000000 0.000075
21.000000 0.000000
22.000000 0.000000
23.000000 0.000000
24.000000 0.000000
25.000000 0.000000
26.000000 0.000000
27.000000 0.000000
28.000000 0.000000
29.000000 0.000000
30.000000 0.000000
31.000000 0.000000
32.000000 0.000000
33.000000 0.000000
34.000000 0.000000
35.000000 0.000000
36.000000 0.000000
37.000000 0.000000
38.000000 0.000000
39.000000 0.000000
40.000000 0.000000
41.000000 0.000000
42.000000 0.000000
43.000000 0.000000
44.000000 0.000000
45.000000 0.000000
46.000000 0.000000
47.000000 0.000000
48.000000 0.000000
49.000000 0.000000
50.000000 0.000000
0.000000 0.811431
1.000000 0.790049
2.000000 0.771861
3.000000 0.740897
4.000000 0.711773
5.000000 0.678103
6.000000 0.632934
7.000000 0.589005
8.000000 0.535192
9.000000 0.476307
10.000000 0.416181
11.000000 0.346924
12.000000 0.280147
13.000000 0.217654
14.000000 0.158882
15.000000 0.102777
16.000000 0.061929
17.000000 0.034873
18.000000 0.018301
19.000000 0.006013
20.000000 0.001992
21.000000 0.000601
22.000000 0.000038
23.000000 0.000000
24.000000 0.000000
25.000000 0.000000
26.000000 0.000000
27.000000 0.000000
28.000000 0.000000
29.000000 0.000000
30.000000 0.000000
31.000000 0.000000
32.000000 0.000000
33.000000 0.000000
34.000000 0.000000
35.000000 0.000000
36.000000 0.000000
37.000000 0.000000
38.000000 0.000000
39.000000 0.000000
40.000000 0.000000
41.000000 0.000000
42.000000 0.000000
43.000000 0.000000
44.000000 0.000000
45.000000 0.000000
46.000000 0.000000
47.000000 0.000000
48.000000 0.000000
49.000000 0.000000
50.000000 0.000000
0.000000 0.844388
1.000000 0.831836
2.000000 0.815264
3.000000 0.793920
4.000000 0.770170
5.000000 0.746233
6.000000 0.712562
7.000000 0.676187
8.000000 0.637180
9.000000 0.590094
10.000000 0.540829
11.000000 0.479125
12.000000 0.419037
13.000000 0.354027
14.000000 0.287738
15.000000 0.219834
16.000000 0.159182
17.000000 0.105821
18.000000 0.067378
19.000000 0.036376
20.000000 0.016873
21.000000 0.007891
22.000000 0.002142
23.000000 0.000489
24.000000 0.000038
25.000000 0.000000
26.000000 0.000000
27.000000 0.000000
28.000000 0.000000
29.000000 0.000000
30.000000 0.000000
31.000000 0.000000
32.000000 0.000000
33.000000 0.000000
34.000000 0.000000
35.000000 0.000000
36.000000 0.000000
37.000000 0.000000
38.000000 0.000000
39.000000 0.000000
40.000000 0.000000
41.000000 0.000000
42.000000 0.000000
43.000000 0.000000
44.000000 0.000000
45.000000 0.000000
46.000000 0.000000
47.000000 0.000000
48.000000 0.000000
49.000000 0.000000
50.000000 0.000000
0.000000 0.875390
1.000000 0.864718
2.000000 0.857540
3.000000 0.837849
4.000000 0.822968
5.000000 0.808162
6.000000 0.781369
7.000000 0.757506
8.000000 0.728646
9.000000 0.697494
10.000000 0.653940
11.000000 0.603435
12.000000 0.558867
13.000000 0.507121
14.000000 0.444365
15.000000 0.378340
16.000000 0.316373
17.000000 0.241705
18.000000 0.182932
19.000000 0.127579
20.000000 0.080831
21.000000 0.047762
22.000000 0.023186
23.000000 0.009883
24.000000 0.003495
25.000000 0.001127
26.000000 0.000113
27.000000 0.000000
28.000000 0.000000
29.000000 0.000000
30.000000 0.000000
31.000000 0.000000
32.000000 0.000000
33.000000 0.000000
34.000000 0.000000
35.000000 0.000000
36.000000 0.000000
37.000000 0.000000
38.000000 0.000000
39.000000 0.000000
40.000000 0.000000
41.000000 0.000000
42.000000 0.000000
43.000000 0.000000
44.000000 0.000000
45.000000 0.000000
46.000000 0.000000
47.000000 0.000000
48.000000 0.000000
49.000000 0.000000
50.000000 0.000000
0.000000 0.901695
1.000000 0.895570
2.000000 0.891774
3.000000 0.878847
4.000000 0.868663
5.000000 0.855736
6.000000 0.839803
7.000000 0.825072
8.000000 0.808425
9.000000 0.785577
10.000000 0.762091
11.000000 0.728421
12.000000 0.689264
13.000000 0.661343
14.000000 0.612491
15.000000 0.560182
16.000000 0.506896
17.000000 0.443651
18.000000 0.381008
19.000000 0.314870
20.000000 0.250047
21.000000 0.184698
22.000000 0.129608
23.000000 0.082785
24.000000 0.047123
25.000000 0.023787
26.000000 0.011649
27.000000 0.004058
28.000000 0.001127
29.000000 0.000225
30.000000 0.000038
31.000000 0.000000
32.000000 0.000000
33.000000 0.000000
34.000000 0.000000
35.000000 0.000000
36.000000 0.000000
37.000000 0.000000
38.000000 0.000000
39.000000 0.000000
40.000000 0.000000
41.000000 0.000000
42.000000 0.000000
43.000000 0.000000
44.000000 0.000000
45.000000 0.000000
46.000000 0.000000
47.000000 0.000000
48.000000 0.000000
49.000000 0.000000
50.000000 0.000000
0.000000 0.911991
1.000000 0.904288
2.000000 0.897561
3.000000 0.890985
4.000000 0.883845
5.000000 0.869227
6.000000 0.857653
7.000000 0.837887
8.000000 0.819473
9.000000 0.803014
10.000000 0.781369
11.000000 0.747849
12.000000 0.715155
13.000000 0.681034
14.000000 0.647326
15.000000 0.590733
16.000000 0.542858
17.000000 0.482357
18.000000 0.420841
19.000000 0.353538
20.000000 0.287701
21.000000 0.224080
22.000000 0.161024
23.000000 0.108000
24.000000 0.067792
25.000000 0.036827
26.000000 0.020067
27.000000 0.008230
28.000000 0.003157
29.000000 0.000714
30.000000 0.000263
31.000000 0.000038
32.000000 0.000000
33.000000 0.000038
34.000000 0.000000
35.000000 0.000000
36.000000 0.000000
37.000000 0.000000
38.000000 0.000000
39.000000 0.000000
40.000000 0.000000
41.000000 0.000000
42.000000 0.000000
43.000000 0.000000
44.000000 0.000000
45.000000 0.000000
46.000000 0.000000
47.000000 0.000000
48.000000 0.000000
49.000000 0.000000
50.000000 0.000000
