0.000000 0.010194
1.000000 0.008231
2.000000 0.006664
3.000000 0.005257
4.000000 0.004024
5.000000 0.003043
6.000000 0.002442
7.000000 0.001800
8.000000 0.001416
9.000000 0.001075
10.000000 0.000731
11.000000 0.000579
12.000000 0.000403
13.000000 0.000334
14.000000 0.000234
15.000000 0.000191
16.000000 0.000152
17.000000 0.000125
18.000000 0.000103
19.000000 0.000097
20.000000 0.000087
21.000000 0.000076
22.000000 0.000068
23.000000 0.000063
24.000000 0.000060
25.000000 0.000059
26.000000 0.000052
27.000000 0.000049
28.000000 0.000051
29.000000 0.000043
30.000000 0.000043
31.000000 0.000042
32.000000 0.000044
33.000000 0.000041
34.000000 0.000041
35.000000 0.000041
36.000000 0.000041
37.000000 0.000041
38.000000 0.000041
39.000000 0.000041
40.000000 0.000040
41.000000 0.000041
42.000000 0.000041
43.000000 0.000041
44.000000 0.000041
45.000000 0.000041
46.000000 0.000041
47.000000 0.000041
48.000000 0.000041
49.000000 0.000041
50.000000 0.000041
0.000000 0.020344
1.000000 0.016931
2.000000 0.013363
3.000000 0.010828
4.000000 0.008414
5.000000 0.006555
6.000000 0.005208
7.000000 0.004189
8.000000 0.003400
9.000000 0.002842
10.000000 0.002144
11.000000 0.001801
12.000000 0.001475
13.000000 0.001240
14.000000 0.000950
15.000000 0.000800
16.000000 0.000695
17.000000 0.000610
18.000000 0.000515
19.000000 0.000425
20.000000 0.000389
21.000000 0.000339
22.000000 0.000297
23.000000 0.000275
24.000000 0.000264
25.000000 0.000232
26.000000 0.000218
27.000000 0.000212
28.000000 0.000203
29.000000 0.000199
30.000000 0.000190
31.000000 0.000193
32.000000 0.000184
33.000000 0.000179
34.000000 0.000181
35.000000 0.000178
36.000000 0.000177
37.000000 0.000177
38.000000 0.000175
39.000000 0.000174
40.000000 0.000174
41.000000 0.000174
42.000000 0.000173
43.000000 0.000172
44.000000 0.000173
45.000000 0.000172
46.000000 0.000172
47.000000 0.000172
48.000000 0.000172
49.000000 0.000172
50.000000 0.000172
0.000000 0.041207
1.000000 0.034240
2.000000 0.027326
3.000000 0.021012
4.000000 0.015990
5.000000 0.012794
6.000000 0.010856
7.000000 0.008149
8.000000 0.006610
9.000000 0.005304
10.000000 0.004133
11.000000 0.003372
12.000000 0.002907
13.000000 0.002386
14.000000 0.001883
15.000000 0.001567
16.000000 0.001223
17.000000 0.001063
18.000000 0.000927
19.000000 0.000782
20.000000 0.000628
21.000000 0.000590
22.000000 0.000483
23.000000 0.000453
24.000000 0.000398
25.000000 0.000367
26.000000 0.000342
27.000000 0.000318
28.000000 0.000301
29.000000 0.000296
30.000000 0.000278
31.000000 0.000272
32.000000 0.000264
33.000000 0.000261
34.000000 0.000256
35.000000 0.000249
36.000000 0.000249
37.000000 0.000247
38.000000 0.000246
39.000000 0.000244
40.000000 0.000243
41.000000 0.000241
42.000000 0.000242
43.000000 0.000241
44.000000 0.000241
45.000000 0.000240
46.000000 0.000239
47.000000 0.000239
48.000000 0.000238
49.000000 0.000239
50.000000 0.000240
0.000000 0.080549
1.000000 0.066700
2.000000 0.053945
3.000000 0.040923
4.000000 0.032883
5.000000 0.026412
6.000000 0.021246
7.000000 0.016638
8.000000 0.013117
9.000000 0.011016
10.000000 0.008766
11.000000 0.007003
12.000000 0.005611
13.000000 0.004771
14.000000 0.003811
15.000000 0.003179
16.000000 0.002663
17.000000 0.002202
18.000000 0.001852
19.000000 0.001603
20.000000 0.001346
21.000000 0.001233
22.000000 0.001122
23.000000 0.000996
24.000000 0.000877
25.000000 0.000821
26.000000 0.000773
27.000000 0.000699
28.000000 0.000658
29.000000 0.000657
30.000000 0.000649
31.000000 0.000620
32.000000 0.000595
33.000000 0.000598
34.000000 0.000580
35.000000 0.000585
36.000000 0.000571
37.000000 0.000569
38.000000 0.000570
39.000000 0.000556
40.000000 0.000565
41.000000 0.000556
42.000000 0.000557
43.000000 0.000554
44.000000 0.000554
45.000000 0.000554
46.000000 0.000553
47.000000 0.000554
48.000000 0.000552
49.000000 0.000553
50.000000 0.000553
0.000000 0.169270
1.000000 0.131166
2.000000 0.110490
3.000000 0.081767
4.000000 0.068673
5.000000 0.050565
6.000000 0.042810
7.000000 0.033391
8.000000 0.026025
9.000000 0.021913
10.000000 0.017025
11.000000 0.014213
12.000000 0.011241
13.000000 0.009377
14.000000 0.007509
15.000000 0.005765
16.000000 0.004835
17.000000 0.004054
18.000000 0.003453
19.000000 0.002686
20.000000 0.002471
21.000000 0.002142
22.000000 0.001782
23.000000 0.001569
24.000000 0.001391
25.000000 0.001235
26.000000 0.001159
27.000000 0.001061
28.000000 0.000980
29.000000 0.000949
30.000000 0.000898
31.000000 0.000868
32.000000 0.000842
33.000000 0.000801
34.000000 0.000795
35.000000 0.000775
36.000000 0.000768
37.000000 0.000756
38.000000 0.000751
39.000000 0.000746
40.000000 0.000740
41.000000 0.000740
42.000000 0.000734
43.000000 0.000731
44.000000 0.000735
45.000000 0.000728
46.000000 0.000731
47.000000 0.000731
48.000000 0.000731
49.000000 0.000726
50.000000 0.000730
0.000000 0.329596
1.000000 0.258517
2.000000 0.229894
3.000000 0.172756
4.000000 0.132918
5.000000 0.105851
6.000000 0.083185
7.000000 0.068193
8.000000 0.054689
9.000000 0.044883
10.000000 0.037604
11.000000 0.028109
12.000000 0.022790
13.000000 0.019021
14.000000 0.014808
15.000000 0.012125
16.000000 0.010162
17.000000 0.008463
18.000000 0.006972
19.000000 0.005976
20.000000 0.005458
21.000000 0.004956
22.000000 0.004413
23.000000 0.003614
24.000000 0.003414
25.000000 0.003150
26.000000 0.002927
27.000000 0.002730
28.000000 0.002601
29.000000 0.002521
30.000000 0.002488
31.000000 0.002415
32.000000 0.002259
33.000000 0.002269
34.000000 0.002269
35.000000 0.002232
36.000000 0.002196
37.000000 0.002151
38.000000 0.002156
39.000000 0.002165
40.000000 0.002150
41.000000 0.002116
42.000000 0.002127
43.000000 0.002120
44.000000 0.002133
45.000000 0.002113
46.000000 0.002125
47.000000 0.002113
48.000000 0.002116
49.000000 0.002109
50.000000 0.002114
0.000000 0.653546
1.000000 0.546476
2.000000 0.438935
3.000000 0.342326
4.000000 0.270874
5.000000 0.210471
6.000000 0.171979
7.000000 0.136166
8.000000 0.110481
9.000000 0.091552
10.000000 0.069999
11.000000 0.057451
12.000000 0.046653
13.000000 0.036592
14.000000 0.030563
15.000000 0.024666
16.000000 0.020691
17.000000 0.017216
18.000000 0.014333
19.000000 0.012234
20.000000 0.011182
21.000000 0.009258
22.000000 0.008126
23.000000 0.007243
24.000000 0.006996
25.000000 0.006229
26.000000 0.005970
27.000000 0.005474
28.000000 0.005168
29.000000 0.005041
30.000000 0.004935
31.000000 0.004828
32.000000 0.004647
33.000000 0.004530
34.000000 0.004512
35.000000 0.004440
36.000000 0.004367
37.000000 0.004332
38.000000 0.004371
39.000000 0.004271
40.000000 0.004294
41.000000 0.004300
42.000000 0.004282
43.000000 0.004270
44.000000 0.004252
45.000000 0.004240
46.000000 0.004239
47.000000 0.004253
48.000000 0.004240
49.000000 0.004244
50.000000 0.004235
