0.000000 0.000005
1.000000 0.000004
2.000000 0.000003
3.000000 0.000003
4.000000 0.000002
5.000000 0.000002
6.000000 0.000001
7.000000 0.000001
8.000000 0.000001
9.000000 0.000001
10.000000 0.000000
11.000000 0.000000
12.000000 0.000000
13.000000 0.000000
14.000000 0.000000
15.000000 0.000000
16.000000 0.000000
17.000000 0.000000
18.000000 0.000000
19.000000 0.000000
20.000000 0.000000
21.000000 0.000000
22.000000 0.000000
23.000000 0.000000
24.000000 0.000000
25.000000 0.000000
26.000000 0.000000
27.000000 0.000000
28.000000 0.000000
29.000000 0.000000
30.000000 0.000000
31.000000 0.000000
32.000000 0.000000
33.000000 0.000000
34.000000 0.000000
35.000000 0.000000
36.000000 0.000000
37.000000 0.000000
38.000000 0.000000
39.000000 0.000000
40.000000 0.000000
41.000000 0.000000
42.000000 0.000000
43.000000 0.000000
44.000000 0.000000
45.000000 0.000000
46.000000 0.000000
47.000000 0.000000
48.000000 0.000000
49.000000 0.000000
50.000000 0.000000
0.000000 0.000010
1.000000 0.000008
2.000000 0.000007
3.000000 0.000005
4.000000 0.000004
5.000000 0.000003
6.000000 0.000003
7.000000 0.000002
8.000000 0.000002
9.000000 0.000001
10.000000 0.000001
11.000000 0.000001
12.000000 0.000001
13.000000 0.000001
14.000000 0.000000
15.000000 0.000000
16.000000 0.000000
17.000000 0.000000
18.000000 0.000000
19.000000 0.000000
20.000000 0.000000
21.000000 0.000000
22.000000 0.000000
23.000000 0.000000
24.000000 0.000000
25.000000 0.000000
26.000000 0.000000
27.000000 0.000000
28.000000 0.000000
29.000000 0.000000
30.000000 0.000000
31.000000 0.000000
32.000000 0.000000
33.000000 0.000000
34.000000 0.000000
35.000000 0.000000
36.000000 0.000000
37.000000 0.000000
38.000000 0.000000
39.000000 0.000000
40.000000 0.000000
41.000000 0.000000
42.000000 0.000000
43.000000 0.000000
44.000000 0.000000
45.000000 0.000000
46.000000 0.000000
47.000000 0.000000
48.000000 0.000000
49.000000 0.000000
50.000000 0.000000
0.000000 0.000020
1.000000 0.000017
2.000000 0.000013
3.000000 0.000010
4.000000 0.000008
5.000000 0.000006
6.000000 0.000005
7.000000 0.000004
8.000000 0.000003
9.000000 0.000003
10.000000 0.000002
11.000000 0.000002
12.000000 0.000001
13.000000 0.000001
14.000000 0.000001
15.000000 0.000001
16.000000 0.000001
17.000000 0.000001
18.000000 0.000000
19.000000 0.000000
20.000000 0.000000
21.000000 0.000000
22.000000 0.000000
23.000000 0.000000
24.000000 0.000000
25.000000 0.000000
26.000000 0.000000
27.000000 0.000000
28.000000 0.000000
29.000000 0.000000
30.000000 0.000000
31.000000 0.000000
32.000000 0.000000
33.000000 0.000000
34.000000 0.000000
35.000000 0.000000
36.000000 0.000000
37.000000 0.000000
38.000000 0.000000
39.000000 0.000000
40.000000 0.000000
41.000000 0.000000
42.000000 0.000000
43.000000 0.000000
44.000000 0.000000
45.000000 0.000000
46.000000 0.000000
47.000000 0.000000
48.000000 0.000000
49.000000 0.000000
50.000000 0.000000
0.000000 0.000039
1.000000 0.000033
2.000000 0.000026
3.000000 0.000020
4.000000 0.000016
5.000000 0.000013
6.000000 0.000010
7.000000 0.000008
8.000000 0.000006
9.000000 0.000005
10.000000 0.000004
11.000000 0.000003
12.000000 0.000003
13.000000 0.000002
14.000000 0.000002
15.000000 0.000002
16.000000 0.000001
17.000000 0.000001
18.000000 0.000001
19.000000 0.000001
20.000000 0.000001
21.000000 0.000001
22.000000 0.000001
23.000000 0.000001
24.000000 0.000000
25.000000 0.000000
26.000000 0.000000
27.000000 0.000000
28.000000 0.000000
29.000000 0.000000
30.000000 0.000000
31.000000 0.000000
32.000000 0.000000
33.000000 0.000000
34.000000 0.000000
35.000000 0.000000
36.000000 0.000000
37.000000 0.000000
38.000000 0.000000
39.000000 0.000000
40.000000 0.000000
41.000000 0.000000
42.000000 0.000000
43.000000 0.000000
44.000000 0.000000
45.000000 0.000000
46.000000 0.000000
47.000000 0.000000
48.000000 0.000000
49.000000 0.000000
50.000000 0.000000
0.000000 0.000083
1.000000 0.000064
2.000000 0.000054
3.000000 0.000040
4.000000 0.000034
5.000000 0.000025
6.000000 0.000021
7.000000 0.000016
8.000000 0.000013
9.000000 0.000011
10.000000 0.000008
11.000000 0.000007
12.000000 0.000006
13.000000 0.000005
14.000000 0.000004
15.000000 0.000003
16.000000 0.000002
17.000000 0.000002
18.000000 0.000002
19.000000 0.000001
20.000000 0.000001
21.000000 0.000001
22.000000 0.000001
23.000000 0.000001
24.000000 0.000001
25.000000 0.000001
26.000000 0.000001
27.000000 0.000001
28.000000 0.000000
29.000000 0.000000
30.000000 0.000000
31.000000 0.000000
32.000000 0.000000
33.000000 0.000000
34.000000 0.000000
35.000000 0.000000
36.000000 0.000000
37.000000 0.000000
38.000000 0.000000
39.000000 0.000000
40.000000 0.000000
41.000000 0.000000
42.000000 0.000000
43.000000 0.000000
44.000000 0.000000
45.000000 0.000000
46.000000 0.000000
47.000000 0.000000
48.000000 0.000000
49.000000 0.000000
50.000000 0.000000
0.000000 0.000161
1.000000 0.000126
2.000000 0.000112
3.000000 0.000084
4.000000 0.000065
5.000000 0.000052
6.000000 0.000041
7.000000 0.000033
8.000000 0.000027
9.000000 0.000022
10.000000 0.000018
11.000000 0.000014
12.000000 0.000011
13.000000 0.000009
14.000000 0.000007
15.000000 0.000006
16.000000 0.000005
17.000000 0.000004
18.000000 0.000003
19.000000 0.000003
20.000000 0.000003
21.000000 0.000002
22.000000 0.000002
23.000000 0.000002
24.000000 0.000002
25.000000 0.000002
26.000000 0.000001
27.000000 0.000001
28.000000 0.000001
29.000000 0.000001
30.000000 0.000001
31.000000 0.000001
32.000000 0.000001
33.000000 0.000001
34.000000 0.000001
35.000000 0.000001
36.000000 0.000001
37.000000 0.000001
38.000000 0.000001
39.000000 0.000001
40.000000 0.000001
41.000000 0.000001
42.000000 0.000001
43.000000 0.000001
44.000000 0.000001
45.000000 0.000001
46.000000 0.000001
47.000000 0.000001
48.000000 0.000001
49.000000 0.000001
50.000000 0.000001
0.000000 0.000319
1.000000 0.000267
2.000000 0.000214
3.000000 0.000167
4.000000 0.000132
5.000000 0.000103
6.000000 0.000084
7.000000 0.000067
8.000000 0.000054
9.000000 0.000045
10.000000 0.000034
11.000000 0.000028
12.000000 0.000023
13.000000 0.000018
14.000000 0.000015
15.000000 0.000012
16.000000 0.000010
17.000000 0.000008
18.000000 0.000007
19.000000 0.000006
20.000000 0.000005
21.000000 0.000005
22.000000 0.000004
23.000000 0.000004
24.000000 0.000003
25.000000 0.000003
26.000000 0.000003
27.000000 0.000003
28.000000 0.000003
29.000000 0.000003
30.000000 0.000002
31.000000 0.000002
32.000000 0.000002
33.000000 0.000002
34.000000 0.000002
35.000000 0.000002
36.000000 0.000002
37.000000 0.000002
38.000000 0.000002
39.000000 0.000002
40.000000 0.000002
41.000000 0.000002
42.000000 0.000002
43.000000 0.000002
44.000000 0.000002
45.000000 0.000002
46.000000 0.000002
47.000000 0.000002
48.000000 0.000002
49.000000 0.000002
50.000000 0.000002
