0.000000 0.989023
1.000000 0.987318
2.000000 0.985235
3.000000 0.982453
4.000000 0.979442
5.000000 0.976102
6.000000 0.971197
7.000000 0.965375
8.000000 0.959802
9.000000 0.950869
10.000000 0.944020
11.000000 0.930780
12.000000 0.914908
13.000000 0.899903
14.000000 0.877112
15.000000 0.851410
16.000000 0.818998
17.000000 0.783735
18.000000 0.745112
19.000000 0.695702
20.000000 0.638475
21.000000 0.576812
22.000000 0.510264
23.000000 0.435032
24.000000 0.352771
25.000000 0.281467
26.000000 0.213114
27.000000 0.146596
28.000000 0.094703
29.000000 0.058981
30.000000 0.030996
31.000000 0.015463
32.000000 0.006201
33.000000 0.002213
34.000000 0.000638
35.000000 0.000100
36.000000 0.000040
37.000000 0.000000
38.000000 0.000000
39.000000 0.000000
40.000000 0.000000
41.000000 0.000000
42.000000 0.000000
43.000000 0.000000
44.000000 0.000000
45.000000 0.000000
46.000000 0.000000
47.000000 0.000000
48.000000 0.000000
49.000000 0.000000
50.000000 0.000000
0.000000 0.988834
1.000000 0.986840
2.000000 0.985275
3.000000 0.982862
4.000000 0.979502
5.000000 0.975614
6.000000 0.971068
7.000000 0.966342
8.000000 0.958984
9.000000 0.951706
10.000000 0.940740
11.000000 0.929454
12.000000 0.914300
13.000000 0.899325
14.000000 0.881469
15.000000 0.853992
16.000000 0.821501
17.000000 0.783556
18.000000 0.742849
19.000000 0.693708
20.000000 0.634936
21.000000 0.572166
22.000000 0.501341
23.000000 0.433048
24.000000 0.351355
25.000000 0.274339
26.000000 0.208319
27.000000 0.146995
28.000000 0.103566
29.000000 0.057067
30.000000 0.031265
31.000000 0.014626
32.000000 0.006411
33.000000 0.002941
34.000000 0.000608
35.000000 0.000110
36.000000 0.000000
37.000000 0.000000
38.000000 0.000000
39.000000 0.000000
40.000000 0.000000
41.000000 0.000000
42.000000 0.000000
43.000000 0.000000
44.000000 0.000000
45.000000 0.000000
46.000000 0.000000
47.000000 0.000000
48.000000 0.000000
49.000000 0.000000
50.000000 0.000000
0.000000 0.989362
1.000000 0.986850
2.000000 0.984487
3.000000 0.982473
4.000000 0.979981
5.000000 0.975933
6.000000 0.971855
7.000000 0.965654
8.000000 0.960340
9.000000 0.952564
10.000000 0.942056
11.000000 0.929553
12.000000 0.918357
13.000000 0.897102
14.000000 0.876544
15.000000 0.852158
16.000000 0.819377
17.000000 0.784593
18.000000 0.742470
19.000000 0.691894
20.000000 0.637100
21.000000 0.579275
22.000000 0.503116
23.000000 0.424284
24.000000 0.350239
25.000000 0.282285
26.000000 0.201749
27.000000 0.148859
28.000000 0.093925
29.000000 0.059679
30.000000 0.032571
31.000000 0.014356
32.000000 0.005394
33.000000 0.002104
34.000000 0.000698
35.000000 0.000120
36.000000 0.000040
37.000000 0.000000
38.000000 0.000000
39.000000 0.000000
40.000000 0.000000
41.000000 0.000000
42.000000 0.000000
43.000000 0.000000
44.000000 0.000000
45.000000 0.000000
46.000000 0.000000
47.000000 0.000000
48.000000 0.000000
49.000000 0.000000
50.000000 0.000000
0.000000 0.989063
1.000000 0.987508
2.000000 0.985055
3.000000 0.983271
4.000000 0.979353
5.000000 0.976182
6.000000 0.970420
7.000000 0.965076
8.000000 0.959024
9.000000 0.952085
10.000000 0.940171
11.000000 0.929962
12.000000 0.916284
13.000000 0.897899
14.000000 0.877172
15.000000 0.853693
16.000000 0.822109
17.000000 0.785330
18.000000 0.747176
19.000000 0.697955
20.000000 0.637618
21.000000 0.575048
22.000000 0.506954
23.000000 0.432619
24.000000 0.354795
25.000000 0.281677
26.000000 0.209186
27.000000 0.150255
28.000000 0.098222
29.000000 0.059041
30.000000 0.033419
31.000000 0.015483
32.000000 0.007896
33.000000 0.004217
34.000000 0.002104
35.000000 0.001705
36.000000 0.001366
37.000000 0.000967
38.000000 0.001007
39.000000 0.000857
40.000000 0.000808
41.000000 0.000698
42.000000 0.000658
43.000000 0.000249
44.000000 0.000179
45.000000 0.000150
46.000000 0.000130
47.000000 0.000100
48.000000 0.000010
49.000000 0.000010
50.000000 0.000000
0.000000 0.989183
1.000000 0.987578
2.000000 0.986142
3.000000 0.981785
4.000000 0.980399
5.000000 0.975604
6.000000 0.972533
7.000000 0.966073
8.000000 0.961517
9.000000 0.951706
10.000000 0.943411
11.000000 0.931767
12.000000 0.916453
13.000000 0.901997
14.000000 0.878568
15.000000 0.852477
16.000000 0.824492
17.000000 0.787633
18.000000 0.747994
19.000000 0.696699
20.000000 0.639074
21.000000 0.582924
22.000000 0.511191
23.000000 0.435790
24.000000 0.359311
25.000000 0.276682
26.000000 0.218159
27.000000 0.159128
28.000000 0.104454
29.000000 0.068084
30.000000 0.040627
31.000000 0.022502
32.000000 0.013908
33.000000 0.008265
34.000000 0.006799
35.000000 0.006022
36.000000 0.005922
37.000000 0.005663
38.000000 0.005633
39.000000 0.005733
40.000000 0.005115
41.000000 0.005284
42.000000 0.005184
43.000000 0.004925
44.000000 0.004616
45.000000 0.004227
46.000000 0.004008
47.000000 0.003719
48.000000 0.003789
49.000000 0.003200
50.000000 0.002682
0.000000 0.993111
1.000000 0.991486
2.000000 0.989841
3.000000 0.987348
4.000000 0.986062
5.000000 0.982972
6.000000 0.979024
7.000000 0.974607
8.000000 0.968067
9.000000 0.963860
10.000000 0.957987
11.000000 0.947160
12.000000 0.936034
13.000000 0.922136
14.000000 0.903981
15.000000 0.886653
16.000000 0.861839
17.000000 0.837811
18.000000 0.796816
19.000000 0.757854
20.000000 0.709580
21.000000 0.661555
22.000000 0.595376
23.000000 0.533354
24.000000 0.460714
25.000000 0.387715
26.000000 0.311596
27.000000 0.238527
28.000000 0.177283
29.000000 0.124034
30.000000 0.083676
31.000000 0.053229
32.000000 0.034984
33.000000 0.025064
34.000000 0.018544
35.000000 0.015742
36.000000 0.014636
37.000000 0.014067
38.000000 0.013649
39.000000 0.013379
40.000000 0.013280
41.000000 0.013150
42.000000 0.012801
43.000000 0.012761
44.000000 0.012213
45.000000 0.012163
46.000000 0.011834
47.000000 0.011695
48.000000 0.010977
49.000000 0.010807
50.000000 0.009960
0.000000 0.995892
1.000000 0.996152
2.000000 0.995952
3.000000 0.996192
4.000000 0.996281
5.000000 0.995863
6.000000 0.995942
7.000000 0.996162
8.000000 0.995992
9.000000 0.996102
10.000000 0.996401
11.000000 0.996132
12.000000 0.995962
13.000000 0.996032
14.000000 0.996142
15.000000 0.996261
16.000000 0.995823
17.000000 0.995863
18.000000 0.995314
19.000000 0.995853
20.000000 0.995593
21.000000 0.995414
22.000000 0.995494
23.000000 0.995464
24.000000 0.994666
25.000000 0.995005
26.000000 0.994616
27.000000 0.994407
28.000000 0.993809
29.000000 0.992672
30.000000 0.992383
31.000000 0.991376
32.000000 0.990000
33.000000 0.989382
34.000000 0.987518
35.000000 0.986022
36.000000 0.983570
37.000000 0.979392
38.000000 0.977379
39.000000 0.973032
40.000000 0.967498
41.000000 0.960629
42.000000 0.954458
43.000000 0.944179
44.000000 0.935456
45.000000 0.919803
46.000000 0.902874
47.000000 0.880402
48.000000 0.861350
49.000000 0.831152
50.000000 0.797334
