-10.000000 0.995205
-9.000000 0.994736
-8.000000 0.994895
-7.000000 0.994427
-6.000000 0.994188
-5.000000 0.993470
-4.000000 0.993410
-3.000000 0.992343
-2.000000 0.991885
-1.000000 0.989721
0.000000 0.989312
1.000000 0.986740
2.000000 0.985803
3.000000 0.982882
4.000000 0.979721
5.000000 0.976013
6.000000 0.971776
7.000000 0.967548
8.000000 0.960181
9.000000 0.953960
10.000000 0.942783
11.000000 0.931906
12.000000 0.914698
13.000000 0.899534
14.000000 0.879675
15.000000 0.856016
16.000000 0.824821
17.000000 0.792529
18.000000 0.752480
19.000000 0.709341
20.000000 0.653390
21.000000 0.599404
22.000000 0.534092
23.000000 0.474732
24.000000 0.410446
25.000000 0.340568
26.000000 0.278307
27.000000 0.215318
28.000000 0.163973
29.000000 0.118401
30.000000 0.081114
31.000000 0.049540
32.000000 0.033887
33.000000 0.018953
34.000000 0.009033
35.000000 0.004526
36.000000 0.001884
37.000000 0.000708
38.000000 0.000189
39.000000 0.000080
40.000000 0.000030
41.000000 0.000000
42.000000 0.000000
43.000000 0.000000
44.000000 0.000000
45.000000 0.000000
46.000000 0.000000
47.000000 0.000000
48.000000 0.000000
49.000000 0.000000
50.000000 0.000000
