0.000000 0.985225
1.000000 0.983191
2.000000 0.979163
3.000000 0.975105
4.000000 0.970350
5.000000 0.963311
6.000000 0.956542
7.000000 0.948735
8.000000 0.937380
9.000000 0.924240
10.000000 0.906922
11.000000 0.889126
12.000000 0.866335
13.000000 0.837791
14.000000 0.805589
15.000000 0.765361
16.000000 0.721454
17.000000 0.670678
18.000000 0.604797
19.000000 0.537242
20.000000 0.462279
21.000000 0.384654
22.000000 0.304338
23.000000 0.230033
24.000000 0.162169
25.000000 0.102280
26.000000 0.061005
27.000000 0.030637
28.000000 0.014307
29.000000 0.004905
30.000000 0.001356
31.000000 0.000389
32.000000 0.000050
33.000000 0.000010
34.000000 0.000000
35.000000 0.000000
36.000000 0.000000
37.000000 0.000000
38.000000 0.000000
39.000000 0.000000
40.000000 0.000000
41.000000 0.000000
42.000000 0.000000
43.000000 0.000000
44.000000 0.000000
45.000000 0.000000
46.000000 0.000000
47.000000 0.000000
48.000000 0.000000
49.000000 0.000000
50.000000 0.000000
0.000000 0.991905
1.000000 0.991147
2.000000 0.990937
3.000000 0.990748
4.000000 0.989452
5.000000 0.988226
6.000000 0.988196
7.000000 0.987308
8.000000 0.987608
9.000000 0.986660
10.000000 0.986790
11.000000 0.986232
12.000000 0.986122
13.000000 0.985594
14.000000 0.985195
15.000000 0.984916
16.000000 0.985554
17.000000 0.984726
18.000000 0.984886
19.000000 0.985075
20.000000 0.984577
21.000000 0.984517
22.000000 0.984447
23.000000 0.984587
24.000000 0.984298
25.000000 0.984487
26.000000 0.984607
27.000000 0.984617
28.000000 0.984427
29.000000 0.984447
30.000000 0.984457
31.000000 0.984467
32.000000 0.984467
33.000000 0.984467
34.000000 0.984467
35.000000 0.984467
36.000000 0.984467
37.000000 0.984467
38.000000 0.984467
39.000000 0.984467
40.000000 0.984467
41.000000 0.984467
42.000000 0.984467
43.000000 0.984467
44.000000 0.984467
45.000000 0.984467
46.000000 0.984467
47.000000 0.984467
48.000000 0.984467
49.000000 0.984467
50.000000 0.984467
0.000000 0.994686
1.000000 0.994247
2.000000 0.994277
3.000000 0.993779
4.000000 0.993908
5.000000 0.993699
6.000000 0.993699
7.000000 0.993599
8.000000 0.993141
9.000000 0.993250
10.000000 0.992921
11.000000 0.992642
12.000000 0.992592
13.000000 0.992553
14.000000 0.991895
15.000000 0.992064
16.000000 0.990828
17.000000 0.991037
18.000000 0.990539
19.000000 0.989193
20.000000 0.988944
21.000000 0.987857
22.000000 0.987229
23.000000 0.986441
24.000000 0.985863
25.000000 0.985584
26.000000 0.985075
27.000000 0.984916
28.000000 0.984676
29.000000 0.984607
30.000000 0.984597
31.000000 0.984587
32.000000 0.984597
33.000000 0.984587
34.000000 0.984587
35.000000 0.984587
36.000000 0.984587
37.000000 0.984587
38.000000 0.984587
39.000000 0.984587
40.000000 0.984587
41.000000 0.984587
42.000000 0.984587
43.000000 0.984587
44.000000 0.984587
45.000000 0.984587
46.000000 0.984587
47.000000 0.984587
48.000000 0.984587
49.000000 0.984587
50.000000 0.984587
0.000000 0.995723
1.000000 0.995234
2.000000 0.995234
3.000000 0.995005
4.000000 0.995125
5.000000 0.994935
6.000000 0.994806
7.000000 0.994407
8.000000 0.994397
9.000000 0.993978
10.000000 0.993849
11.000000 0.993689
12.000000 0.993091
13.000000 0.992383
14.000000 0.992273
15.000000 0.991914
16.000000 0.991446
17.000000 0.990848
18.000000 0.990379
19.000000 0.989502
20.000000 0.988565
21.000000 0.987996
22.000000 0.986969
23.000000 0.986501
24.000000 0.985973
25.000000 0.985444
26.000000 0.985205
27.000000 0.984906
28.000000 0.984806
29.000000 0.984706
30.000000 0.984686
31.000000 0.984676
32.000000 0.984676
33.000000 0.984676
34.000000 0.984676
35.000000 0.984676
36.000000 0.984676
37.000000 0.984676
38.000000 0.984676
39.000000 0.984676
40.000000 0.984676
41.000000 0.984676
42.000000 0.984676
43.000000 0.984676
44.000000 0.984676
45.000000 0.984676
46.000000 0.984676
47.000000 0.984676
48.000000 0.984676
49.000000 0.984676
50.000000 0.984676
0.000000 0.995563
1.000000 0.995125
2.000000 0.995045
3.000000 0.994905
4.000000 0.994716
5.000000 0.994806
6.000000 0.994537
7.000000 0.994626
8.000000 0.994068
9.000000 0.994038
10.000000 0.993739
11.000000 0.993380
12.000000 0.993201
13.000000 0.992812
14.000000 0.992333
15.000000 0.991566
16.000000 0.991097
17.000000 0.990908
18.000000 0.989781
19.000000 0.989153
20.000000 0.988654
21.000000 0.987538
22.000000 0.987179
23.000000 0.986531
24.000000 0.985933
25.000000 0.985155
26.000000 0.984956
27.000000 0.984846
28.000000 0.984637
29.000000 0.984527
30.000000 0.984537
31.000000 0.984527
32.000000 0.984517
33.000000 0.984517
34.000000 0.984507
35.000000 0.984527
36.000000 0.984517
37.000000 0.984527
38.000000 0.984497
39.000000 0.984497
40.000000 0.984497
41.000000 0.984507
42.000000 0.984497
43.000000 0.984497
44.000000 0.984497
45.000000 0.984497
46.000000 0.984497
47.000000 0.984497
48.000000 0.984497
49.000000 0.984497
50.000000 0.984497
0.000000 0.995514
1.000000 0.994995
2.000000 0.995165
3.000000 0.995334
4.000000 0.994776
5.000000 0.994417
6.000000 0.994736
7.000000 0.994287
8.000000 0.994028
9.000000 0.993928
10.000000 0.993889
11.000000 0.993410
12.000000 0.992961
13.000000 0.992862
14.000000 0.992323
15.000000 0.991476
16.000000 0.991207
17.000000 0.990688
18.000000 0.989891
19.000000 0.989273
20.000000 0.988804
21.000000 0.987927
22.000000 0.987189
23.000000 0.986401
24.000000 0.985903
25.000000 0.985215
26.000000 0.985155
27.000000 0.984766
28.000000 0.984597
29.000000 0.984567
30.000000 0.984537
31.000000 0.984507
32.000000 0.984497
33.000000 0.984517
34.000000 0.984527
35.000000 0.984527
36.000000 0.984547
37.000000 0.984517
38.000000 0.984507
39.000000 0.984527
40.000000 0.984537
41.000000 0.984547
42.000000 0.984507
43.000000 0.984537
44.000000 0.984527
45.000000 0.984537
46.000000 0.984527
47.000000 0.984537
48.000000 0.984537
49.000000 0.984537
50.000000 0.984547
0.000000 0.995723
1.000000 0.995663
2.000000 0.995534
3.000000 0.995623
4.000000 0.995424
5.000000 0.994965
6.000000 0.995125
7.000000 0.995374
8.000000 0.994527
9.000000 0.994596
10.000000 0.994826
11.000000 0.994237
12.000000 0.993928
13.000000 0.993111
14.000000 0.993211
15.000000 0.992622
16.000000 0.991785
17.000000 0.991576
18.000000 0.991207
19.000000 0.990589
20.000000 0.989721
21.000000 0.988944
22.000000 0.988385
23.000000 0.987767
24.000000 0.987099
25.000000 0.986381
26.000000 0.985653
27.000000 0.985434
28.000000 0.985205
29.000000 0.984976
30.000000 0.984786
31.000000 0.984756
32.000000 0.984726
33.000000 0.984756
34.000000 0.984756
35.000000 0.984746
36.000000 0.984716
37.000000 0.984716
38.000000 0.984746
39.000000 0.984736
40.000000 0.984746
41.000000 0.984766
42.000000 0.984766
43.000000 0.984746
44.000000 0.984806
45.000000 0.984796
46.000000 0.984786
47.000000 0.984816
48.000000 0.984806
49.000000 0.984806
50.000000 0.984806
