0.000000 0.989013
1.000000 0.987618
2.000000 0.986122
3.000000 0.983151
4.000000 0.980210
5.000000 0.976212
6.000000 0.972424
7.000000 0.966611
8.000000 0.958775
9.000000 0.951966
10.000000 0.943880
11.000000 0.929165
12.000000 0.917370
13.000000 0.901319
14.000000 0.878010
15.000000 0.853205
16.000000 0.825459
17.000000 0.791043
18.000000 0.747186
19.000000 0.699530
20.000000 0.640140
21.000000 0.574878
22.000000 0.505568
23.000000 0.428831
24.000000 0.353938
25.000000 0.282394
26.000000 0.212785
27.000000 0.149856
28.000000 0.098860
29.000000 0.057755
30.000000 0.032282
31.000000 0.015284
32.000000 0.006570
33.000000 0.001695
34.000000 0.000578
35.000000 0.000030
36.000000 0.000010
37.000000 0.000000
38.000000 0.000000
39.000000 0.000000
40.000000 0.000000
41.000000 0.000000
42.000000 0.000000
43.000000 0.000000
44.000000 0.000000
45.000000 0.000000
46.000000 0.000000
47.000000 0.000000
48.000000 0.000000
49.000000 0.000000
50.000000 0.000000
0.000000 0.989382
1.000000 0.987418
2.000000 0.986112
3.000000 0.983051
4.000000 0.980479
5.000000 0.976282
6.000000 0.971506
7.000000 0.966282
8.000000 0.959174
9.000000 0.952464
10.000000 0.944438
11.000000 0.929244
12.000000 0.916084
13.000000 0.899076
14.000000 0.877571
15.000000 0.852806
16.000000 0.819118
17.000000 0.787125
18.000000 0.744723
19.000000 0.697885
20.000000 0.637339
21.000000 0.577470
22.000000 0.511729
23.000000 0.434583
24.000000 0.356061
25.000000 0.281038
26.000000 0.211100
27.000000 0.151650
28.000000 0.099379
29.000000 0.061045
30.000000 0.034635
31.000000 0.015154
32.000000 0.005782
33.000000 0.002373
34.000000 0.000548
35.000000 0.000160
36.000000 0.000010
37.000000 0.000000
38.000000 0.000000
39.000000 0.000000
40.000000 0.000000
41.000000 0.000000
42.000000 0.000000
43.000000 0.000000
44.000000 0.000000
45.000000 0.000000
46.000000 0.000000
47.000000 0.000000
48.000000 0.000000
49.000000 0.000000
50.000000 0.000000
