0.000000 0.988185
1.000000 0.986546
2.000000 0.984757
3.000000 0.980898
4.000000 0.978030
5.000000 0.972522
6.000000 0.970303
7.000000 0.967444
8.000000 0.955759
9.000000 0.949842
10.000000 0.945284
11.000000 0.934049
12.000000 0.911299
13.000000 0.898575
14.000000 0.867048
15.000000 0.848896
16.000000 0.827166
17.000000 0.792561
18.000000 0.749760
19.000000 0.687867
20.000000 0.644406
21.000000 0.568430
22.000000 0.477910
23.000000 0.420215
24.000000 0.327196
25.000000 0.244922
26.000000 0.189567
27.000000 0.145686
28.000000 0.078016
29.000000 0.049578
30.000000 0.032256
31.000000 0.016463
32.000000 0.005977
33.000000 0.000640
34.000000 0.000440
35.000000 0.000080
36.000000 0.000000
37.000000 0.000020
38.000000 0.000000
39.000000 0.000000
40.000000 0.000000
41.000000 0.000000
42.000000 0.000000
43.000000 0.000000
44.000000 0.000000
45.000000 0.000000
46.000000 0.000000
47.000000 0.000000
48.000000 0.000000
49.000000 0.000000
50.000000 0.000000
0.000000 0.987775
1.000000 0.986056
2.000000 0.983047
3.000000 0.980159
4.000000 0.979969
5.000000 0.972382
6.000000 0.968494
7.000000 0.964716
8.000000 0.959528
9.000000 0.947943
10.000000 0.946114
11.000000 0.925023
12.000000 0.915607
13.000000 0.897095
14.000000 0.871207
15.000000 0.845088
16.000000 0.811363
17.000000 0.789822
18.000000 0.733797
19.000000 0.703221
20.000000 0.615949
21.000000 0.567100
22.000000 0.519292
23.000000 0.428252
24.000000 0.329525
25.000000 0.243173
26.000000 0.189976
27.000000 0.161229
28.000000 0.090760
29.000000 0.074307
30.000000 0.030696
31.000000 0.013114
32.000000 0.004358
33.000000 0.002229
34.000000 0.000440
35.000000 0.000050
36.000000 0.000020
37.000000 0.000000
38.000000 0.000000
39.000000 0.000000
40.000000 0.000000
41.000000 0.000010
42.000000 0.000000
43.000000 0.000000
44.000000 0.000000
45.000000 0.000000
46.000000 0.000000
47.000000 0.000000
48.000000 0.000000
49.000000 0.000000
50.000000 0.000000
0.000000 0.988625
1.000000 0.987725
2.000000 0.983837
3.000000 0.984327
4.000000 0.981168
5.000000 0.974681
6.000000 0.972552
7.000000 0.963246
8.000000 0.958438
9.000000 0.949552
10.000000 0.941466
11.000000 0.931940
12.000000 0.917956
13.000000 0.908240
14.000000 0.882592
15.000000 0.856493
16.000000 0.811493
17.000000 0.797559
18.000000 0.757377
19.000000 0.702741
20.000000 0.627884
21.000000 0.561563
22.000000 0.465755
23.000000 0.416767
24.000000 0.332444
25.000000 0.276848
26.000000 0.208728
27.000000 0.156761
28.000000 0.125595
29.000000 0.098797
30.000000 0.056915
31.000000 0.041412
32.000000 0.034745
33.000000 0.035934
34.000000 0.027558
35.000000 0.023490
36.000000 0.025189
37.000000 0.021081
38.000000 0.017122
39.000000 0.015503
40.000000 0.016013
41.000000 0.014254
42.000000 0.010785
43.000000 0.013584
44.000000 0.010325
45.000000 0.008706
46.000000 0.007907
47.000000 0.004838
48.000000 0.002769
49.000000 0.003828
50.000000 0.000280
0.000000 0.988955
1.000000 0.989555
2.000000 0.986356
3.000000 0.983307
4.000000 0.979269
5.000000 0.977630
6.000000 0.971992
7.000000 0.963996
8.000000 0.956809
9.000000 0.949622
10.000000 0.941086
11.000000 0.932969
12.000000 0.916307
13.000000 0.903582
14.000000 0.878633
15.000000 0.861271
16.000000 0.821269
17.000000 0.774389
18.000000 0.739305
19.000000 0.698902
20.000000 0.635800
21.000000 0.584653
22.000000 0.525349
23.000000 0.464416
24.000000 0.392707
25.000000 0.333143
26.000000 0.244662
27.000000 0.211697
28.000000 0.169985
29.000000 0.140998
30.000000 0.113120
31.000000 0.110781
32.000000 0.102075
33.000000 0.097067
34.000000 0.089671
35.000000 0.089281
36.000000 0.084903
37.000000 0.081924
38.000000 0.082564
39.000000 0.078645
40.000000 0.075127
41.000000 0.079785
42.000000 0.077636
43.000000 0.072218
44.000000 0.066801
45.000000 0.062832
46.000000 0.063422
47.000000 0.058494
48.000000 0.055496
49.000000 0.059064
50.000000 0.047259
0.000000 0.995392
1.000000 0.995482
2.000000 0.994253
3.000000 0.993913
4.000000 0.991684
5.000000 0.991564
6.000000 0.988995
7.000000 0.988555
8.000000 0.985876
9.000000 0.982088
10.000000 0.981008
11.000000 0.976190
12.000000 0.968374
13.000000 0.963666
14.000000 0.956199
15.000000 0.949392
16.000000 0.943125
17.000000 0.922544
18.000000 0.911859
19.000000 0.887509
20.000000 0.873446
21.000000 0.844618
22.000000 0.802387
23.000000 0.786014
24.000000 0.731868
25.000000 0.659800
26.000000 0.634441
27.000000 0.556915
28.000000 0.500010
29.000000 0.472202
30.000000 0.434479
31.000000 0.405392
32.000000 0.337981
33.000000 0.312762
34.000000 0.301497
35.000000 0.287354
36.000000 0.265563
37.000000 0.255048
38.000000 0.245512
39.000000 0.237845
40.000000 0.223921
41.000000 0.223132
42.000000 0.221373
43.000000 0.200832
44.000000 0.186278
45.000000 0.181200
46.000000 0.181410
47.000000 0.173124
48.000000 0.138919
49.000000 0.123316
50.000000 0.111941
