0.000000 0.989492
1.000000 0.987996
2.000000 0.985873
3.000000 0.982852
4.000000 0.979801
5.000000 0.976282
6.000000 0.969821
7.000000 0.966153
8.000000 0.960470
9.000000 0.951976
10.000000 0.941108
11.000000 0.929853
12.000000 0.916922
13.000000 0.900103
14.000000 0.879764
15.000000 0.853933
16.000000 0.824940
17.000000 0.789049
18.000000 0.745880
19.000000 0.697207
20.000000 0.638615
21.000000 0.569175
22.000000 0.504581
23.000000 0.428741
24.000000 0.358414
25.000000 0.281318
26.000000 0.213174
27.000000 0.147842
28.000000 0.094005
29.000000 0.062899
30.000000 0.032502
31.000000 0.016191
32.000000 0.006999
33.000000 0.002273
34.000000 0.000618
35.000000 0.000169
36.000000 0.000010
37.000000 0.000010
38.000000 0.000000
39.000000 0.000000
40.000000 0.000000
41.000000 0.000000
42.000000 0.000000
43.000000 0.000000
44.000000 0.000000
45.000000 0.000000
46.000000 0.000000
47.000000 0.000000
48.000000 0.000000
49.000000 0.000000
50.000000 0.000000
0.000000 0.989472
1.000000 0.987169
2.000000 0.985384
3.000000 0.983181
4.000000 0.980828
5.000000 0.976202
6.000000 0.970848
7.000000 0.964777
8.000000 0.960340
9.000000 0.952025
10.000000 0.942763
11.000000 0.930650
12.000000 0.916722
13.000000 0.899764
14.000000 0.879296
15.000000 0.853753
16.000000 0.818350
17.000000 0.787484
18.000000 0.748462
19.000000 0.699540
20.000000 0.635634
21.000000 0.573572
22.000000 0.502139
23.000000 0.427953
24.000000 0.357467
25.000000 0.288556
26.000000 0.203444
27.000000 0.145190
28.000000 0.101004
29.000000 0.055542
30.000000 0.031963
31.000000 0.014825
32.000000 0.005633
33.000000 0.001735
34.000000 0.000688
35.000000 0.000299
36.000000 0.000030
37.000000 0.000000
38.000000 0.000000
39.000000 0.000000
40.000000 0.000000
41.000000 0.000000
42.000000 0.000000
43.000000 0.000000
44.000000 0.000000
45.000000 0.000000
46.000000 0.000000
47.000000 0.000000
48.000000 0.000000
49.000000 0.000000
50.000000 0.000000
0.000000 0.989073
1.000000 0.987767
2.000000 0.985374
3.000000 0.982932
4.000000 0.979791
5.000000 0.975056
6.000000 0.971157
7.000000 0.967778
8.000000 0.959732
9.000000 0.951796
10.000000 0.942006
11.000000 0.929693
12.000000 0.917001
13.000000 0.900033
14.000000 0.878249
15.000000 0.849506
16.000000 0.819836
17.000000 0.786148
18.000000 0.745990
19.000000 0.694994
20.000000 0.636781
21.000000 0.574120
22.000000 0.500733
23.000000 0.425959
24.000000 0.357188
25.000000 0.282923
26.000000 0.207701
27.000000 0.148012
28.000000 0.095531
29.000000 0.058343
30.000000 0.032302
31.000000 0.015214
32.000000 0.006640
33.000000 0.002443
34.000000 0.000658
35.000000 0.000150
36.000000 0.000030
37.000000 0.000000
38.000000 0.000000
39.000000 0.000000
40.000000 0.000000
41.000000 0.000000
42.000000 0.000000
43.000000 0.000000
44.000000 0.000000
45.000000 0.000000
46.000000 0.000000
47.000000 0.000000
48.000000 0.000000
49.000000 0.000000
50.000000 0.000000
0.000000 0.988724
1.000000 0.987667
2.000000 0.985933
3.000000 0.982982
4.000000 0.979791
5.000000 0.975753
6.000000 0.971058
7.000000 0.966601
8.000000 0.959752
9.000000 0.951427
10.000000 0.942803
11.000000 0.931727
12.000000 0.915466
13.000000 0.898198
14.000000 0.880053
15.000000 0.852587
16.000000 0.822199
17.000000 0.788900
18.000000 0.745471
19.000000 0.695174
20.000000 0.640788
21.000000 0.578507
22.000000 0.506844
23.000000 0.433138
24.000000 0.354227
25.000000 0.283052
26.000000 0.209256
27.000000 0.150863
28.000000 0.097983
29.000000 0.057845
30.000000 0.032641
31.000000 0.015134
32.000000 0.005972
33.000000 0.002074
34.000000 0.000818
35.000000 0.000120
36.000000 0.000050
37.000000 0.000000
38.000000 0.000000
39.000000 0.000000
40.000000 0.000000
41.000000 0.000000
42.000000 0.000000
43.000000 0.000000
44.000000 0.000000
45.000000 0.000000
46.000000 0.000000
47.000000 0.000000
48.000000 0.000000
49.000000 0.000000
50.000000 0.000000
0.000000 0.989462
1.000000 0.988086
2.000000 0.985364
3.000000 0.982463
4.000000 0.980170
5.000000 0.975783
6.000000 0.971407
7.000000 0.967160
8.000000 0.959732
9.000000 0.952484
10.000000 0.943352
11.000000 0.930132
12.000000 0.917679
13.000000 0.900830
14.000000 0.877830
15.000000 0.855917
16.000000 0.821411
17.000000 0.785211
18.000000 0.748163
19.000000 0.700517
20.000000 0.639662
21.000000 0.579325
22.000000 0.505927
23.000000 0.430296
24.000000 0.357267
25.000000 0.274349
26.000000 0.211021
27.000000 0.152109
28.000000 0.103317
29.000000 0.057257
30.000000 0.031963
31.000000 0.016600
32.000000 0.006989
33.000000 0.002203
34.000000 0.001027
35.000000 0.000189
36.000000 0.000020
37.000000 0.000040
38.000000 0.000000
39.000000 0.000000
40.000000 0.000000
41.000000 0.000000
42.000000 0.000000
43.000000 0.000000
44.000000 0.000000
45.000000 0.000000
46.000000 0.000000
47.000000 0.000000
48.000000 0.000000
49.000000 0.000000
50.000000 0.000000
0.000000 0.988774
1.000000 0.987687
2.000000 0.985584
3.000000 0.983480
4.000000 0.980040
5.000000 0.976461
6.000000 0.972812
7.000000 0.967867
8.000000 0.960609
9.000000 0.953461
10.000000 0.943601
11.000000 0.931976
12.000000 0.920292
13.000000 0.906284
14.000000 0.880951
15.000000 0.857462
16.000000 0.830813
17.000000 0.794712
18.000000 0.756388
19.000000 0.708045
20.000000 0.646491
21.000000 0.589364
22.000000 0.518589
23.000000 0.440515
24.000000 0.365881
25.000000 0.295784
26.000000 0.225906
27.000000 0.164631
28.000000 0.113616
29.000000 0.071414
30.000000 0.042820
31.000000 0.024366
32.000000 0.016141
33.000000 0.010478
34.000000 0.008724
35.000000 0.007647
36.000000 0.006072
37.000000 0.005124
38.000000 0.005424
39.000000 0.004456
40.000000 0.004008
41.000000 0.002283
42.000000 0.002463
43.000000 0.002054
44.000000 0.001456
45.000000 0.000957
46.000000 0.000528
47.000000 0.000269
48.000000 0.000299
49.000000 0.000010
50.000000 0.000020
0.000000 0.993250
1.000000 0.991416
2.000000 0.991007
3.000000 0.989282
4.000000 0.987209
5.000000 0.984158
6.000000 0.980768
7.000000 0.977069
8.000000 0.972543
9.000000 0.967469
10.000000 0.961676
11.000000 0.951647
12.000000 0.943202
13.000000 0.931418
14.000000 0.915376
15.000000 0.898966
16.000000 0.874630
17.000000 0.851809
18.000000 0.820085
19.000000 0.785281
20.000000 0.739220
21.000000 0.693249
22.000000 0.639632
23.000000 0.571997
24.000000 0.502388
25.000000 0.432210
26.000000 0.356849
27.000000 0.287329
28.000000 0.218309
29.000000 0.162059
30.000000 0.115410
31.000000 0.076070
32.000000 0.050846
33.000000 0.038244
34.000000 0.029391
35.000000 0.026839
36.000000 0.024037
37.000000 0.023858
38.000000 0.022651
39.000000 0.022093
40.000000 0.021295
41.000000 0.020269
42.000000 0.019351
43.000000 0.018524
44.000000 0.016390
45.000000 0.016550
46.000000 0.013748
47.000000 0.013798
48.000000 0.012053
49.000000 0.011116
50.000000 0.009461
