0.000000 1.066959
1.000000 0.852958
2.000000 0.676252
3.000000 0.535513
4.000000 0.426571
5.000000 0.335779
6.000000 0.267588
7.000000 0.213084
8.000000 0.169229
9.000000 0.134484
10.000000 0.107008
11.000000 0.084757
12.000000 0.067308
13.000000 0.053406
14.000000 0.042676
15.000000 0.033694
16.000000 0.026810
17.000000 0.021276
18.000000 0.016938
19.000000 0.013458
20.000000 0.010646
21.000000 0.008501
22.000000 0.006753
23.000000 0.005324
24.000000 0.004239
25.000000 0.003382
26.000000 0.002687
27.000000 0.002134
28.000000 0.001699
29.000000 0.001347
30.000000 0.001071
31.000000 0.000845
32.000000 0.000672
33.000000 0.000535
34.000000 0.000426
35.000000 0.000339
36.000000 0.000270
37.000000 0.000214
38.000000 0.000171
39.000000 0.000136
40.000000 0.000109
41.000000 0.000087
42.000000 0.000069
43.000000 0.000055
44.000000 0.000045
45.000000 0.000036
46.000000 0.000029
47.000000 0.000024
48.000000 0.000019
49.000000 0.000016
50.000000 0.000013
0.000000 0.801500
1.000000 0.641284
2.000000 0.509446
3.000000 0.404646
4.000000 0.321047
5.000000 0.254368
6.000000 0.201494
7.000000 0.160794
8.000000 0.127147
9.000000 0.101076
10.000000 0.080863
11.000000 0.064006
12.000000 0.050693
13.000000 0.040529
14.000000 0.032159
15.000000 0.025508
16.000000 0.020443
17.000000 0.016208
18.000000 0.012947
19.000000 0.010319
20.000000 0.008224
21.000000 0.006595
22.000000 0.005307
23.000000 0.004212
24.000000 0.003395
25.000000 0.002739
26.000000 0.002241
27.000000 0.001826
28.000000 0.001491
29.000000 0.001229
30.000000 0.001028
31.000000 0.000858
32.000000 0.000721
33.000000 0.000622
34.000000 0.000537
35.000000 0.000473
36.000000 0.000419
37.000000 0.000379
38.000000 0.000348
39.000000 0.000319
40.000000 0.000299
41.000000 0.000284
42.000000 0.000271
43.000000 0.000259
44.000000 0.000252
45.000000 0.000245
46.000000 0.000241
47.000000 0.000236
48.000000 0.000233
49.000000 0.000231
50.000000 0.000228
0.000000 0.734006
1.000000 0.590661
2.000000 0.471811
3.000000 0.373589
4.000000 0.299462
5.000000 0.236063
6.000000 0.186611
7.000000 0.148866
8.000000 0.117566
9.000000 0.093905
10.000000 0.074410
11.000000 0.058906
12.000000 0.046808
13.000000 0.037481
14.000000 0.029848
15.000000 0.023447
16.000000 0.019278
17.000000 0.014907
18.000000 0.011919
19.000000 0.009619
20.000000 0.007655
21.000000 0.006125
22.000000 0.004957
23.000000 0.003964
24.000000 0.003258
25.000000 0.002592
26.000000 0.002126
27.000000 0.001754
28.000000 0.001441
29.000000 0.001206
30.000000 0.001020
31.000000 0.000854
32.000000 0.000731
33.000000 0.000632
34.000000 0.000571
35.000000 0.000505
36.000000 0.000456
37.000000 0.000422
38.000000 0.000386
39.000000 0.000363
40.000000 0.000345
41.000000 0.000331
42.000000 0.000317
43.000000 0.000306
44.000000 0.000300
45.000000 0.000295
46.000000 0.000288
47.000000 0.000284
48.000000 0.000283
49.000000 0.000280
50.000000 0.000277
0.000000 0.743654
1.000000 0.617918
2.000000 0.483525
3.000000 0.391725
4.000000 0.310651
5.000000 0.243524
6.000000 0.193049
7.000000 0.151244
8.000000 0.120254
9.000000 0.095547
10.000000 0.077692
11.000000 0.060643
12.000000 0.049299
13.000000 0.038912
14.000000 0.030959
15.000000 0.023700
16.000000 0.020706
17.000000 0.015369
18.000000 0.012880
19.000000 0.010999
20.000000 0.008622
21.000000 0.007079
22.000000 0.005751
23.000000 0.004797
24.000000 0.003803
25.000000 0.003236
26.000000 0.002774
27.000000 0.002413
28.000000 0.002025
29.000000 0.001771
30.000000 0.001530
31.000000 0.001456
32.000000 0.001241
33.000000 0.001223
34.000000 0.001104
35.000000 0.001051
36.000000 0.001007
37.000000 0.000970
38.000000 0.000948
39.000000 0.000926
40.000000 0.000900
41.000000 0.000867
42.000000 0.000875
43.000000 0.000874
44.000000 0.000841
45.000000 0.000847
46.000000 0.000838
47.000000 0.000832
48.000000 0.000819
49.000000 0.000829
50.000000 0.000837
0.000000 0.926078
1.000000 0.861115
2.000000 0.609424
3.000000 0.526002
4.000000 0.437133
5.000000 0.306697
6.000000 0.245877
7.000000 0.215470
8.000000 0.150098
9.000000 0.132101
10.000000 0.121995
11.000000 0.085753
12.000000 0.071031
13.000000 0.064888
14.000000 0.050407
15.000000 0.046392
16.000000 0.042770
17.000000 0.033234
18.000000 0.029680
19.000000 0.024505
20.000000 0.026071
21.000000 0.022418
22.000000 0.020797
23.000000 0.018553
24.000000 0.018752
25.000000 0.017104
26.000000 0.016431
27.000000 0.016501
28.000000 0.015785
29.000000 0.015423
30.000000 0.015568
31.000000 0.015890
32.000000 0.015696
33.000000 0.015249
34.000000 0.014728
35.000000 0.015132
36.000000 0.014799
37.000000 0.015039
38.000000 0.014828
39.000000 0.014863
40.000000 0.014621
41.000000 0.015016
42.000000 0.014534
43.000000 0.014761
44.000000 0.014475
45.000000 0.014629
46.000000 0.014794
47.000000 0.014704
48.000000 0.014656
49.000000 0.014624
50.000000 0.014668
0.000000 2.696499
1.000000 3.464231
2.000000 1.787835
3.000000 2.485575
4.000000 1.211353
5.000000 1.183481
6.000000 1.261446
7.000000 0.884481
8.000000 0.638640
9.000000 0.817438
10.000000 0.716951
11.000000 0.578683
12.000000 0.549780
13.000000 0.515001
14.000000 0.432746
15.000000 0.557112
16.000000 0.533679
17.000000 0.556205
18.000000 0.409947
19.000000 0.480795
20.000000 0.483826
21.000000 0.483413
22.000000 0.423504
23.000000 0.426673
24.000000 0.420033
25.000000 0.413134
26.000000 0.433137
27.000000 0.422173
28.000000 0.424212
29.000000 0.434175
30.000000 0.434479
31.000000 0.425583
32.000000 0.442885
33.000000 0.429006
34.000000 0.426902
35.000000 0.438682
36.000000 0.430143
37.000000 0.435099
38.000000 0.431861
39.000000 0.431771
40.000000 0.433790
41.000000 0.428214
42.000000 0.430385
43.000000 0.431240
44.000000 0.429037
45.000000 0.428336
46.000000 0.432279
47.000000 0.431756
48.000000 0.430706
49.000000 0.430119
50.000000 0.430996
0.000000 23.648100
1.000000 22.852951
2.000000 26.067254
3.000000 14.695794
4.000000 17.928002
5.000000 17.259783
6.000000 14.225165
7.000000 12.950545
8.000000 15.765966
9.000000 11.134341
10.000000 11.816345
11.000000 10.738769
12.000000 11.184522
13.000000 10.503571
14.000000 10.598313
15.000000 11.543857
16.000000 11.717683
17.000000 11.708841
18.000000 11.003823
19.000000 10.598271
20.000000 11.347642
21.000000 10.552936
22.000000 10.515021
23.000000 11.312081
24.000000 10.359547
25.000000 10.554449
26.000000 10.572076
27.000000 10.870129
28.000000 10.945649
29.000000 10.718897
30.000000 10.986326
31.000000 10.752527
32.000000 10.978306
33.000000 10.664575
34.000000 10.773834
35.000000 10.777581
36.000000 10.662560
37.000000 10.712905
38.000000 10.833710
39.000000 10.804265
40.000000 10.743554
41.000000 10.739517
42.000000 10.739874
43.000000 10.775679
44.000000 10.751415
45.000000 10.747269
46.000000 10.735095
47.000000 10.784085
48.000000 10.755528
49.000000 10.769495
50.000000 10.745786
