0.000000 0.982692
1.000000 0.980948
2.000000 0.980948
3.000000 0.973969
4.000000 0.970968
5.000000 0.964687
6.000000 0.962244
7.000000 0.954986
8.000000 0.944588
9.000000 0.931747
10.000000 0.922325
11.000000 0.908437
12.000000 0.888199
13.000000 0.870612
14.000000 0.836765
15.000000 0.808710
16.000000 0.772210
17.000000 0.725591
18.000000 0.672273
19.000000 0.618396
20.000000 0.546933
21.000000 0.478261
22.000000 0.403936
23.000000 0.320609
24.000000 0.243702
25.000000 0.179008
26.000000 0.117035
27.000000 0.070207
28.000000 0.035662
29.000000 0.016331
30.000000 0.007677
31.000000 0.001326
32.000000 0.000489
33.000000 0.000140
34.000000 0.000070
35.000000 0.000000
36.000000 0.000000
37.000000 0.000000
38.000000 0.000000
39.000000 0.000000
40.000000 0.000000
41.000000 0.000000
42.000000 0.000000
43.000000 0.000000
44.000000 0.000000
45.000000 0.000000
46.000000 0.000000
47.000000 0.000000
48.000000 0.000000
49.000000 0.000000
50.000000 0.000000
0.000000 0.986391
1.000000 0.985205
2.000000 0.981297
3.000000 0.979761
4.000000 0.976691
5.000000 0.972922
6.000000 0.968735
7.000000 0.965106
8.000000 0.956871
9.000000 0.953870
10.000000 0.943820
11.000000 0.933492
12.000000 0.918487
13.000000 0.905088
14.000000 0.884988
15.000000 0.866076
16.000000 0.836346
17.000000 0.806616
18.000000 0.764254
19.000000 0.718333
20.000000 0.669830
21.000000 0.615395
22.000000 0.550492
23.000000 0.472678
24.000000 0.391304
25.000000 0.318445
26.000000 0.234769
27.000000 0.172099
28.000000 0.114872
29.000000 0.068532
30.000000 0.035592
31.000000 0.016959
32.000000 0.006979
33.000000 0.001884
34.000000 0.000768
35.000000 0.000070
36.000000 0.000000
37.000000 0.000000
38.000000 0.000000
39.000000 0.000000
40.000000 0.000000
41.000000 0.000000
42.000000 0.000000
43.000000 0.000000
44.000000 0.000000
45.000000 0.000000
46.000000 0.000000
47.000000 0.000000
48.000000 0.000000
49.000000 0.000000
50.000000 0.000000
0.000000 0.990439
1.000000 0.987438
2.000000 0.987438
3.000000 0.986112
4.000000 0.983321
5.000000 0.979482
6.000000 0.978017
7.000000 0.975574
8.000000 0.972852
9.000000 0.966013
10.000000 0.961267
11.000000 0.954637
12.000000 0.949822
13.000000 0.936841
14.000000 0.924140
15.000000 0.910252
16.000000 0.897271
17.000000 0.883034
18.000000 0.845628
19.000000 0.818131
20.000000 0.786447
21.000000 0.740875
22.000000 0.699211
23.000000 0.632703
24.000000 0.571359
25.000000 0.503315
26.000000 0.427385
27.000000 0.349431
28.000000 0.269244
29.000000 0.200921
30.000000 0.130993
31.000000 0.086398
32.000000 0.044455
33.000000 0.023589
34.000000 0.008165
35.000000 0.003699
36.000000 0.000907
37.000000 0.000000
38.000000 0.000070
39.000000 0.000000
40.000000 0.000000
41.000000 0.000000
42.000000 0.000000
43.000000 0.000000
44.000000 0.000000
45.000000 0.000000
46.000000 0.000000
47.000000 0.000000
48.000000 0.000000
49.000000 0.000000
50.000000 0.000000
0.000000 0.993091
1.000000 0.992951
2.000000 0.992184
3.000000 0.992323
4.000000 0.991905
5.000000 0.989811
6.000000 0.989532
7.000000 0.988555
8.000000 0.986252
9.000000 0.982832
10.000000 0.982832
11.000000 0.978505
12.000000 0.977389
13.000000 0.973690
14.000000 0.970270
15.000000 0.967479
16.000000 0.960011
17.000000 0.952963
18.000000 0.940401
19.000000 0.934748
20.000000 0.920162
21.000000 0.905367
22.000000 0.884430
23.000000 0.864540
24.000000 0.840114
25.000000 0.804104
26.000000 0.768581
27.000000 0.719590
28.000000 0.665783
29.000000 0.606672
30.000000 0.537790
31.000000 0.464303
32.000000 0.382232
33.000000 0.307558
34.000000 0.233931
35.000000 0.167772
36.000000 0.106288
37.000000 0.063228
38.000000 0.032452
39.000000 0.014307
40.000000 0.005164
41.000000 0.001815
42.000000 0.000279
43.000000 0.000070
44.000000 0.000000
45.000000 0.000000
46.000000 0.000000
47.000000 0.000000
48.000000 0.000000
49.000000 0.000000
50.000000 0.000000
0.000000 0.992742
1.000000 0.991765
2.000000 0.991625
3.000000 0.990230
4.000000 0.989950
5.000000 0.986950
6.000000 0.987089
7.000000 0.985135
8.000000 0.980738
9.000000 0.981855
10.000000 0.979063
11.000000 0.973690
12.000000 0.971945
13.000000 0.966990
14.000000 0.960988
15.000000 0.955056
16.000000 0.946751
17.000000 0.937260
18.000000 0.923721
19.000000 0.912206
20.000000 0.894619
21.000000 0.872566
22.000000 0.845418
23.000000 0.819946
24.000000 0.773117
25.000000 0.734106
26.000000 0.687487
27.000000 0.622095
28.000000 0.559425
29.000000 0.487473
30.000000 0.416498
31.000000 0.334357
32.000000 0.255775
33.000000 0.182706
34.000000 0.125829
35.000000 0.078024
36.000000 0.040477
37.000000 0.018634
38.000000 0.008444
39.000000 0.002861
40.000000 0.000768
41.000000 0.000349
42.000000 0.000000
43.000000 0.000000
44.000000 0.000000
45.000000 0.000000
46.000000 0.000000
47.000000 0.000000
48.000000 0.000000
49.000000 0.000000
50.000000 0.000000
0.000000 0.993510
1.000000 0.994068
2.000000 0.993091
3.000000 0.992323
4.000000 0.992463
5.000000 0.990648
6.000000 0.990160
7.000000 0.989392
8.000000 0.988904
9.000000 0.989322
10.000000 0.986670
11.000000 0.985275
12.000000 0.984298
13.000000 0.980110
14.000000 0.977249
15.000000 0.975783
16.000000 0.973062
17.000000 0.962803
18.000000 0.959313
19.000000 0.956243
20.000000 0.942424
21.000000 0.937469
22.000000 0.922465
23.000000 0.911089
24.000000 0.892316
25.000000 0.870263
26.000000 0.847372
27.000000 0.811362
28.000000 0.776398
29.000000 0.729500
30.000000 0.678763
31.000000 0.627329
32.000000 0.565985
33.000000 0.485658
34.000000 0.420406
35.000000 0.344127
36.000000 0.259753
37.000000 0.185358
38.000000 0.129179
39.000000 0.081024
40.000000 0.042082
41.000000 0.022891
42.000000 0.010050
43.000000 0.004048
44.000000 0.001186
45.000000 0.000698
46.000000 0.000070
47.000000 0.000140
48.000000 0.000070
49.000000 0.000140
50.000000 0.000000
0.000000 0.994626
1.000000 0.995324
2.000000 0.994836
3.000000 0.994975
4.000000 0.994626
5.000000 0.994766
6.000000 0.993859
7.000000 0.994417
8.000000 0.992044
9.000000 0.992951
10.000000 0.992602
11.000000 0.991276
12.000000 0.989322
13.000000 0.991346
14.000000 0.987647
15.000000 0.987159
16.000000 0.984298
17.000000 0.983460
18.000000 0.980738
19.000000 0.980180
20.000000 0.971736
21.000000 0.969014
22.000000 0.963361
23.000000 0.958266
24.000000 0.951846
25.000000 0.940750
26.000000 0.929863
27.000000 0.918836
28.000000 0.901808
29.000000 0.885407
30.000000 0.863843
31.000000 0.826366
32.000000 0.802987
33.000000 0.757345
34.000000 0.718403
35.000000 0.662084
36.000000 0.595855
37.000000 0.535767
38.000000 0.456766
39.000000 0.385372
40.000000 0.307907
41.000000 0.236374
42.000000 0.175379
43.000000 0.119548
44.000000 0.080396
45.000000 0.047945
46.000000 0.028195
47.000000 0.020448
48.000000 0.015284
49.000000 0.012353
50.000000 0.011934
