0.000000 0.009892
1.000000 0.007987
2.000000 0.006465
3.000000 0.005094
4.000000 0.003900
5.000000 0.002944
6.000000 0.002350
7.000000 0.001734
8.000000 0.001360
9.000000 0.001033
10.000000 0.000693
11.000000 0.000547
12.000000 0.000390
13.000000 0.000329
14.000000 0.000224
15.000000 0.000185
16.000000 0.000146
17.000000 0.000123
18.000000 0.000103
19.000000 0.000096
20.000000 0.000085
21.000000 0.000074
22.000000 0.000068
23.000000 0.000060
24.000000 0.000059
25.000000 0.000058
26.000000 0.000051
27.000000 0.000048
28.000000 0.000051
29.000000 0.000043
30.000000 0.000042
31.000000 0.000040
32.000000 0.000043
33.000000 0.000041
34.000000 0.000040
35.000000 0.000041
36.000000 0.000040
37.000000 0.000040
38.000000 0.000040
39.000000 0.000040
40.000000 0.000040
41.000000 0.000040
42.000000 0.000040
43.000000 0.000040
44.000000 0.000040
45.000000 0.000040
46.000000 0.000040
47.000000 0.000040
48.000000 0.000040
49.000000 0.000040
50.000000 0.000040
0.000000 0.019713
1.000000 0.016434
2.000000 0.012952
3.000000 0.010498
4.000000 0.008153
5.000000 0.006359
6.000000 0.005055
7.000000 0.004078
8.000000 0.003300
9.000000 0.002755
10.000000 0.002086
11.000000 0.001748
12.000000 0.001435
13.000000 0.001208
14.000000 0.000925
15.000000 0.000783
16.000000 0.000679
17.000000 0.000599
18.000000 0.000507
19.000000 0.000420
20.000000 0.000388
21.000000 0.000337
22.000000 0.000296
23.000000 0.000275
24.000000 0.000265
25.000000 0.000234
26.000000 0.000219
27.000000 0.000214
28.000000 0.000206
29.000000 0.000202
30.000000 0.000192
31.000000 0.000196
32.000000 0.000188
33.000000 0.000182
34.000000 0.000184
35.000000 0.000181
36.000000 0.000180
37.000000 0.000180
38.000000 0.000178
39.000000 0.000178
40.000000 0.000177
41.000000 0.000177
42.000000 0.000176
43.000000 0.000175
44.000000 0.000176
45.000000 0.000175
46.000000 0.000175
47.000000 0.000175
48.000000 0.000175
49.000000 0.000175
50.000000 0.000175
0.000000 0.040009
1.000000 0.033281
2.000000 0.026529
3.000000 0.020406
4.000000 0.015517
5.000000 0.012417
6.000000 0.010573
7.000000 0.007948
8.000000 0.006424
9.000000 0.005140
10.000000 0.004013
11.000000 0.003279
12.000000 0.002829
13.000000 0.002327
14.000000 0.001822
15.000000 0.001544
16.000000 0.001192
17.000000 0.001042
18.000000 0.000904
19.000000 0.000765
20.000000 0.000620
21.000000 0.000583
22.000000 0.000479
23.000000 0.000451
24.000000 0.000396
25.000000 0.000363
26.000000 0.000338
27.000000 0.000319
28.000000 0.000303
29.000000 0.000297
30.000000 0.000277
31.000000 0.000272
32.000000 0.000265
33.000000 0.000262
34.000000 0.000258
35.000000 0.000250
36.000000 0.000250
37.000000 0.000250
38.000000 0.000248
39.000000 0.000245
40.000000 0.000245
41.000000 0.000244
42.000000 0.000244
43.000000 0.000242
44.000000 0.000243
45.000000 0.000243
46.000000 0.000241
47.000000 0.000241
48.000000 0.000241
49.000000 0.000241
50.000000 0.000242
0.000000 0.078397
1.000000 0.064837
2.000000 0.052519
3.000000 0.039815
4.000000 0.031899
5.000000 0.025645
6.000000 0.020712
7.000000 0.016191
8.000000 0.012812
9.000000 0.010694
10.000000 0.008546
11.000000 0.006843
12.000000 0.005472
13.000000 0.004674
14.000000 0.003703
15.000000 0.003110
16.000000 0.002612
17.000000 0.002140
18.000000 0.001812
19.000000 0.001594
20.000000 0.001317
21.000000 0.001228
22.000000 0.001115
23.000000 0.001001
24.000000 0.000878
25.000000 0.000820
26.000000 0.000775
27.000000 0.000711
28.000000 0.000671
29.000000 0.000664
30.000000 0.000652
31.000000 0.000625
32.000000 0.000610
33.000000 0.000606
34.000000 0.000588
35.000000 0.000592
36.000000 0.000580
37.000000 0.000579
38.000000 0.000582
39.000000 0.000565
40.000000 0.000574
41.000000 0.000565
42.000000 0.000567
43.000000 0.000562
44.000000 0.000563
45.000000 0.000564
46.000000 0.000562
47.000000 0.000563
48.000000 0.000562
49.000000 0.000562
50.000000 0.000562
0.000000 0.163832
1.000000 0.126707
2.000000 0.107013
3.000000 0.079393
4.000000 0.066398
5.000000 0.049114
6.000000 0.041509
7.000000 0.032399
8.000000 0.025315
9.000000 0.021379
10.000000 0.016637
11.000000 0.013872
12.000000 0.011127
13.000000 0.009176
14.000000 0.007431
15.000000 0.005793
16.000000 0.004827
17.000000 0.003972
18.000000 0.003503
19.000000 0.002754
20.000000 0.002484
21.000000 0.002220
22.000000 0.001876
23.000000 0.001640
24.000000 0.001485
25.000000 0.001345
26.000000 0.001259
27.000000 0.001177
28.000000 0.001089
29.000000 0.001060
30.000000 0.001007
31.000000 0.000977
32.000000 0.000959
33.000000 0.000914
34.000000 0.000903
35.000000 0.000890
36.000000 0.000886
37.000000 0.000870
38.000000 0.000865
39.000000 0.000861
40.000000 0.000853
41.000000 0.000854
42.000000 0.000849
43.000000 0.000846
44.000000 0.000850
45.000000 0.000842
46.000000 0.000847
47.000000 0.000845
48.000000 0.000845
49.000000 0.000844
50.000000 0.000844
0.000000 0.342979
1.000000 0.268209
2.000000 0.238055
3.000000 0.179524
4.000000 0.138342
5.000000 0.110972
6.000000 0.087122
7.000000 0.071254
8.000000 0.057134
9.000000 0.047105
10.000000 0.039130
11.000000 0.029796
12.000000 0.024091
13.000000 0.020315
14.000000 0.015833
15.000000 0.013029
16.000000 0.011175
17.000000 0.009211
18.000000 0.007857
19.000000 0.006526
20.000000 0.005964
21.000000 0.005656
22.000000 0.005042
23.000000 0.004268
24.000000 0.003953
25.000000 0.003703
26.000000 0.003395
27.000000 0.003284
28.000000 0.003110
29.000000 0.003018
30.000000 0.003007
31.000000 0.002904
32.000000 0.002754
33.000000 0.002790
34.000000 0.002735
35.000000 0.002721
36.000000 0.002692
37.000000 0.002652
38.000000 0.002636
39.000000 0.002651
40.000000 0.002636
41.000000 0.002597
42.000000 0.002617
43.000000 0.002608
44.000000 0.002616
45.000000 0.002604
46.000000 0.002612
47.000000 0.002604
48.000000 0.002605
49.000000 0.002597
50.000000 0.002602
0.000000 0.634037
1.000000 0.530244
2.000000 0.422882
3.000000 0.333444
4.000000 0.263916
5.000000 0.204070
6.000000 0.167852
7.000000 0.133022
8.000000 0.107727
9.000000 0.090768
10.000000 0.068931
11.000000 0.057144
12.000000 0.047653
13.000000 0.037010
14.000000 0.032020
15.000000 0.025516
16.000000 0.022235
17.000000 0.018495
18.000000 0.015974
19.000000 0.013862
20.000000 0.012654
21.000000 0.011065
22.000000 0.009934
23.000000 0.009122
24.000000 0.008975
25.000000 0.008132
26.000000 0.007881
27.000000 0.007484
28.000000 0.007095
29.000000 0.006996
30.000000 0.006796
31.000000 0.006766
32.000000 0.006586
33.000000 0.006544
34.000000 0.006445
35.000000 0.006438
36.000000 0.006298
37.000000 0.006305
38.000000 0.006330
39.000000 0.006238
40.000000 0.006253
41.000000 0.006271
42.000000 0.006248
43.000000 0.006218
44.000000 0.006196
45.000000 0.006196
46.000000 0.006201
47.000000 0.006213
48.000000 0.006200
49.000000 0.006202
50.000000 0.006197
