0.000000 0.985334
1.000000 0.982722
2.000000 0.979562
3.000000 0.975474
4.000000 0.970260
5.000000 0.965564
6.000000 0.957638
7.000000 0.948795
8.000000 0.937479
9.000000 0.924150
10.000000 0.907411
11.000000 0.890013
12.000000 0.863962
13.000000 0.838579
14.000000 0.803884
15.000000 0.766527
16.000000 0.720158
17.000000 0.668136
18.000000 0.604718
19.000000 0.535438
20.000000 0.459897
21.000000 0.381664
22.000000 0.302304
23.000000 0.226573
24.000000 0.160304
25.000000 0.101074
26.000000 0.059340
27.000000 0.030069
28.000000 0.013230
29.000000 0.004626
30.000000 0.001246
31.000000 0.000219
32.000000 0.000020
33.000000 0.000000
34.000000 0.000000
35.000000 0.000000
36.000000 0.000000
37.000000 0.000000
38.000000 0.000000
39.000000 0.000000
40.000000 0.000000
41.000000 0.000000
42.000000 0.000000
43.000000 0.000000
44.000000 0.000000
45.000000 0.000000
46.000000 0.000000
47.000000 0.000000
48.000000 0.000000
49.000000 0.000000
50.000000 0.000000
0.000000 0.992303
1.000000 0.991954
2.000000 0.991227
3.000000 0.990579
4.000000 0.989980
5.000000 0.988934
6.000000 0.988993
7.000000 0.987298
8.000000 0.987518
9.000000 0.986989
10.000000 0.986501
11.000000 0.986122
12.000000 0.986062
13.000000 0.986391
14.000000 0.986032
15.000000 0.985564
16.000000 0.984547
17.000000 0.984966
18.000000 0.984936
19.000000 0.985305
20.000000 0.985484
21.000000 0.984008
22.000000 0.984397
23.000000 0.984557
24.000000 0.984587
25.000000 0.984617
26.000000 0.984587
27.000000 0.984437
28.000000 0.984527
29.000000 0.984507
30.000000 0.984507
31.000000 0.984507
32.000000 0.984497
33.000000 0.984497
34.000000 0.984497
35.000000 0.984497
36.000000 0.984497
37.000000 0.984497
38.000000 0.984497
39.000000 0.984497
40.000000 0.984497
41.000000 0.984497
42.000000 0.984497
43.000000 0.984497
44.000000 0.984497
45.000000 0.984497
46.000000 0.984497
47.000000 0.984497
48.000000 0.984497
49.000000 0.984497
50.000000 0.984497
0.000000 0.994666
1.000000 0.993968
2.000000 0.994576
3.000000 0.994118
4.000000 0.993709
5.000000 0.993520
6.000000 0.993579
7.000000 0.993819
8.000000 0.993270
9.000000 0.993510
10.000000 0.993569
11.000000 0.993260
12.000000 0.992712
13.000000 0.992413
14.000000 0.992253
15.000000 0.992104
16.000000 0.991685
17.000000 0.990718
18.000000 0.990250
19.000000 0.989661
20.000000 0.988734
21.000000 0.988136
22.000000 0.987667
23.000000 0.986890
24.000000 0.986062
25.000000 0.985793
26.000000 0.985324
27.000000 0.985125
28.000000 0.984995
29.000000 0.984966
30.000000 0.984906
31.000000 0.984916
32.000000 0.984906
33.000000 0.984906
34.000000 0.984906
35.000000 0.984906
36.000000 0.984906
37.000000 0.984906
38.000000 0.984906
39.000000 0.984906
40.000000 0.984906
41.000000 0.984906
42.000000 0.984906
43.000000 0.984906
44.000000 0.984906
45.000000 0.984906
46.000000 0.984906
47.000000 0.984906
48.000000 0.984906
49.000000 0.984906
50.000000 0.984906
0.000000 0.995593
1.000000 0.995374
2.000000 0.995105
3.000000 0.995274
4.000000 0.995115
5.000000 0.994676
6.000000 0.994407
7.000000 0.994586
8.000000 0.994158
9.000000 0.994148
10.000000 0.993898
11.000000 0.993898
12.000000 0.993360
13.000000 0.993021
14.000000 0.992592
15.000000 0.991885
16.000000 0.991087
17.000000 0.990698
18.000000 0.989751
19.000000 0.989651
20.000000 0.988515
21.000000 0.987677
22.000000 0.987149
23.000000 0.986631
24.000000 0.986122
25.000000 0.985504
26.000000 0.985265
27.000000 0.984956
28.000000 0.984836
29.000000 0.984756
30.000000 0.984756
31.000000 0.984736
32.000000 0.984726
33.000000 0.984726
34.000000 0.984736
35.000000 0.984726
36.000000 0.984736
37.000000 0.984716
38.000000 0.984726
39.000000 0.984726
40.000000 0.984736
41.000000 0.984736
42.000000 0.984736
43.000000 0.984716
44.000000 0.984736
45.000000 0.984736
46.000000 0.984736
47.000000 0.984736
48.000000 0.984736
49.000000 0.984736
50.000000 0.984736
0.000000 0.995354
1.000000 0.995304
2.000000 0.995115
3.000000 0.995234
4.000000 0.995234
5.000000 0.994766
6.000000 0.994736
7.000000 0.994397
8.000000 0.994227
9.000000 0.994138
10.000000 0.993739
11.000000 0.993569
12.000000 0.993211
13.000000 0.992941
14.000000 0.992433
15.000000 0.991835
16.000000 0.991336
17.000000 0.990409
18.000000 0.990349
19.000000 0.989133
20.000000 0.988614
21.000000 0.987757
22.000000 0.987298
23.000000 0.986571
24.000000 0.985783
25.000000 0.985464
26.000000 0.985175
27.000000 0.984846
28.000000 0.984726
29.000000 0.984617
30.000000 0.984577
31.000000 0.984567
32.000000 0.984557
33.000000 0.984557
34.000000 0.984567
35.000000 0.984567
36.000000 0.984557
37.000000 0.984557
38.000000 0.984557
39.000000 0.984557
40.000000 0.984547
41.000000 0.984557
42.000000 0.984557
43.000000 0.984567
44.000000 0.984557
45.000000 0.984567
46.000000 0.984567
47.000000 0.984567
48.000000 0.984557
49.000000 0.984557
50.000000 0.984567
0.000000 0.996062
1.000000 0.995623
2.000000 0.995583
3.000000 0.995384
4.000000 0.995254
5.000000 0.995274
6.000000 0.994746
7.000000 0.994626
8.000000 0.994905
9.000000 0.994287
10.000000 0.994287
11.000000 0.993759
12.000000 0.993191
13.000000 0.993490
14.000000 0.992632
15.000000 0.992283
16.000000 0.991954
17.000000 0.991536
18.000000 0.990628
19.000000 0.990369
20.000000 0.989292
21.000000 0.989003
22.000000 0.988006
23.000000 0.987608
24.000000 0.986690
25.000000 0.986112
26.000000 0.985673
27.000000 0.985165
28.000000 0.984826
29.000000 0.984786
30.000000 0.984587
31.000000 0.984587
32.000000 0.984487
33.000000 0.984567
34.000000 0.984547
35.000000 0.984517
36.000000 0.984557
37.000000 0.984557
38.000000 0.984527
39.000000 0.984537
40.000000 0.984537
41.000000 0.984517
42.000000 0.984527
43.000000 0.984537
44.000000 0.984537
45.000000 0.984537
46.000000 0.984547
47.000000 0.984577
48.000000 0.984537
49.000000 0.984547
50.000000 0.984547
0.000000 0.996441
1.000000 0.996012
2.000000 0.996022
3.000000 0.996152
4.000000 0.996062
5.000000 0.995882
6.000000 0.996172
7.000000 0.996251
8.000000 0.996132
9.000000 0.996192
10.000000 0.996132
11.000000 0.996152
12.000000 0.996102
13.000000 0.996112
14.000000 0.996122
15.000000 0.995982
16.000000 0.996072
17.000000 0.995743
18.000000 0.996032
19.000000 0.995843
20.000000 0.996291
21.000000 0.996022
22.000000 0.995504
23.000000 0.995733
24.000000 0.995972
25.000000 0.996072
26.000000 0.995823
27.000000 0.995324
28.000000 0.995384
29.000000 0.995733
30.000000 0.995354
31.000000 0.995474
32.000000 0.995563
33.000000 0.995514
34.000000 0.995474
35.000000 0.995254
36.000000 0.995264
37.000000 0.994836
38.000000 0.995015
39.000000 0.995175
40.000000 0.994646
41.000000 0.994447
42.000000 0.993968
43.000000 0.993629
44.000000 0.993420
45.000000 0.993400
46.000000 0.992892
47.000000 0.992892
48.000000 0.992144
49.000000 0.991755
50.000000 0.990908
