0.000000 0.000521
1.000000 0.000417
2.000000 0.000330
3.000000 0.000262
4.000000 0.000209
5.000000 0.000164
6.000000 0.000131
7.000000 0.000104
8.000000 0.000083
9.000000 0.000066
10.000000 0.000053
11.000000 0.000042
12.000000 0.000033
13.000000 0.000026
14.000000 0.000021
15.000000 0.000017
16.000000 0.000013
17.000000 0.000011
18.000000 0.000009
19.000000 0.000007
20.000000 0.000006
21.000000 0.000005
22.000000 0.000004
23.000000 0.000003
24.000000 0.000002
25.000000 0.000002
26.000000 0.000002
27.000000 0.000001
28.000000 0.000001
29.000000 0.000001
30.000000 0.000001
31.000000 0.000001
32.000000 0.000001
33.000000 0.000001
34.000000 0.000001
35.000000 0.000001
36.000000 0.000000
37.000000 0.000000
38.000000 0.000000
39.000000 0.000000
40.000000 0.000000
41.000000 0.000000
42.000000 0.000000
43.000000 0.000000
44.000000 0.000000
45.000000 0.000000
46.000000 0.000000
47.000000 0.000000
48.000000 0.000000
49.000000 0.000000
50.000000 0.000000
0.000000 0.000392
1.000000 0.000314
2.000000 0.000249
3.000000 0.000198
4.000000 0.000157
5.000000 0.000125
6.000000 0.000099
7.000000 0.000079
8.000000 0.000063
9.000000 0.000050
10.000000 0.000040
11.000000 0.000032
12.000000 0.000025
13.000000 0.000020
14.000000 0.000016
15.000000 0.000013
16.000000 0.000011
17.000000 0.000008
18.000000 0.000007
19.000000 0.000006
20.000000 0.000005
21.000000 0.000004
22.000000 0.000003
23.000000 0.000003
24.000000 0.000002
25.000000 0.000002
26.000000 0.000002
27.000000 0.000001
28.000000 0.000001
29.000000 0.000001
30.000000 0.000001
31.000000 0.000001
32.000000 0.000001
33.000000 0.000001
34.000000 0.000001
35.000000 0.000001
36.000000 0.000001
37.000000 0.000001
38.000000 0.000001
39.000000 0.000001
40.000000 0.000001
41.000000 0.000001
42.000000 0.000001
43.000000 0.000001
44.000000 0.000001
45.000000 0.000001
46.000000 0.000001
47.000000 0.000001
48.000000 0.000001
49.000000 0.000001
50.000000 0.000001
0.000000 0.000359
1.000000 0.000289
2.000000 0.000231
3.000000 0.000183
4.000000 0.000147
5.000000 0.000116
6.000000 0.000092
7.000000 0.000073
8.000000 0.000058
9.000000 0.000046
10.000000 0.000037
11.000000 0.000029
12.000000 0.000023
13.000000 0.000019
14.000000 0.000015
15.000000 0.000012
16.000000 0.000010
17.000000 0.000008
18.000000 0.000006
19.000000 0.000005
20.000000 0.000004
21.000000 0.000004
22.000000 0.000003
23.000000 0.000002
24.000000 0.000002
25.000000 0.000002
26.000000 0.000002
27.000000 0.000001
28.000000 0.000001
29.000000 0.000001
30.000000 0.000001
31.000000 0.000001
32.000000 0.000001
33.000000 0.000001
34.000000 0.000001
35.000000 0.000001
36.000000 0.000001
37.000000 0.000001
38.000000 0.000001
39.000000 0.000001
40.000000 0.000001
41.000000 0.000001
42.000000 0.000001
43.000000 0.000001
44.000000 0.000001
45.000000 0.000001
46.000000 0.000001
47.000000 0.000001
48.000000 0.000001
49.000000 0.000001
50.000000 0.000001
0.000000 0.000363
1.000000 0.000302
2.000000 0.000236
3.000000 0.000192
4.000000 0.000152
5.000000 0.000119
6.000000 0.000095
7.000000 0.000074
8.000000 0.000059
9.000000 0.000047
10.000000 0.000038
11.000000 0.000030
12.000000 0.000025
13.000000 0.000020
14.000000 0.000016
15.000000 0.000012
16.000000 0.000011
17.000000 0.000008
18.000000 0.000007
19.000000 0.000006
20.000000 0.000005
21.000000 0.000004
22.000000 0.000003
23.000000 0.000003
24.000000 0.000002
25.000000 0.000002
26.000000 0.000002
27.000000 0.000002
28.000000 0.000002
29.000000 0.000001
30.000000 0.000001
31.000000 0.000001
32.000000 0.000001
33.000000 0.000001
34.000000 0.000001
35.000000 0.000001
36.000000 0.000001
37.000000 0.000001
38.000000 0.000001
39.000000 0.000001
40.000000 0.000001
41.000000 0.000001
42.000000 0.000001
43.000000 0.000001
44.000000 0.000001
45.000000 0.000001
46.000000 0.000001
47.000000 0.000001
48.000000 0.000001
49.000000 0.000001
50.000000 0.000001
0.000000 0.000452
1.000000 0.000421
2.000000 0.000298
3.000000 0.000257
4.000000 0.000214
5.000000 0.000150
6.000000 0.000121
7.000000 0.000106
8.000000 0.000074
9.000000 0.000065
10.000000 0.000060
11.000000 0.000042
12.000000 0.000035
13.000000 0.000032
14.000000 0.000025
15.000000 0.000023
16.000000 0.000021
17.000000 0.000017
18.000000 0.000015
19.000000 0.000013
20.000000 0.000013
21.000000 0.000012
22.000000 0.000011
23.000000 0.000010
24.000000 0.000010
25.000000 0.000009
26.000000 0.000009
27.000000 0.000009
28.000000 0.000008
29.000000 0.000008
30.000000 0.000008
31.000000 0.000008
32.000000 0.000008
33.000000 0.000008
34.000000 0.000008
35.000000 0.000008
36.000000 0.000008
37.000000 0.000008
38.000000 0.000008
39.000000 0.000008
40.000000 0.000008
41.000000 0.000008
42.000000 0.000008
43.000000 0.000008
44.000000 0.000008
45.000000 0.000008
46.000000 0.000008
47.000000 0.000008
48.000000 0.000008
49.000000 0.000008
50.000000 0.000008
0.000000 0.001317
1.000000 0.001691
2.000000 0.000873
3.000000 0.001214
4.000000 0.000592
5.000000 0.000578
6.000000 0.000616
7.000000 0.000432
8.000000 0.000312
9.000000 0.000399
10.000000 0.000350
11.000000 0.000283
12.000000 0.000269
13.000000 0.000252
14.000000 0.000212
15.000000 0.000272
16.000000 0.000261
17.000000 0.000272
18.000000 0.000201
19.000000 0.000235
20.000000 0.000237
21.000000 0.000236
22.000000 0.000207
23.000000 0.000209
24.000000 0.000205
25.000000 0.000202
26.000000 0.000212
27.000000 0.000207
28.000000 0.000208
29.000000 0.000212
30.000000 0.000213
31.000000 0.000208
32.000000 0.000217
33.000000 0.000210
34.000000 0.000209
35.000000 0.000215
36.000000 0.000210
37.000000 0.000213
38.000000 0.000211
39.000000 0.000211
40.000000 0.000212
41.000000 0.000209
42.000000 0.000211
43.000000 0.000211
44.000000 0.000210
45.000000 0.000210
46.000000 0.000211
47.000000 0.000211
48.000000 0.000211
49.000000 0.000210
50.000000 0.000211
0.000000 0.011542
1.000000 0.011154
2.000000 0.012722
3.000000 0.007173
4.000000 0.008750
5.000000 0.008424
6.000000 0.006943
7.000000 0.006321
8.000000 0.007695
9.000000 0.005434
10.000000 0.005767
11.000000 0.005241
12.000000 0.005459
13.000000 0.005126
14.000000 0.005173
15.000000 0.005634
16.000000 0.005719
17.000000 0.005715
18.000000 0.005371
19.000000 0.005173
20.000000 0.005538
21.000000 0.005151
22.000000 0.005132
23.000000 0.005521
24.000000 0.005056
25.000000 0.005151
26.000000 0.005160
27.000000 0.005305
28.000000 0.005342
29.000000 0.005232
30.000000 0.005362
31.000000 0.005248
32.000000 0.005358
33.000000 0.005205
34.000000 0.005258
35.000000 0.005260
36.000000 0.005204
37.000000 0.005229
38.000000 0.005288
39.000000 0.005273
40.000000 0.005244
41.000000 0.005242
42.000000 0.005242
43.000000 0.005259
44.000000 0.005247
45.000000 0.005245
46.000000 0.005239
47.000000 0.005263
48.000000 0.005249
49.000000 0.005256
50.000000 0.005245
