0.000000 0.982483
1.000000 0.980878
2.000000 0.980529
3.000000 0.973480
4.000000 0.970759
5.000000 0.964827
6.000000 0.962454
7.000000 0.955126
8.000000 0.944448
9.000000 0.931607
10.000000 0.921279
11.000000 0.907949
12.000000 0.887571
13.000000 0.869356
14.000000 0.835788
15.000000 0.807593
16.000000 0.771094
17.000000 0.723428
18.000000 0.671226
19.000000 0.616791
20.000000 0.545049
21.000000 0.477214
22.000000 0.401075
23.000000 0.319213
24.000000 0.242306
25.000000 0.177542
26.000000 0.114593
27.000000 0.069789
28.000000 0.035802
29.000000 0.016121
30.000000 0.007467
31.000000 0.001396
32.000000 0.000489
33.000000 0.000140
34.000000 0.000070
35.000000 0.000000
36.000000 0.000000
37.000000 0.000000
38.000000 0.000000
39.000000 0.000000
40.000000 0.000000
41.000000 0.000000
42.000000 0.000000
43.000000 0.000000
44.000000 0.000000
45.000000 0.000000
46.000000 0.000000
47.000000 0.000000
48.000000 0.000000
49.000000 0.000000
50.000000 0.000000
0.000000 0.986112
1.000000 0.985135
2.000000 0.981297
3.000000 0.979622
4.000000 0.976481
5.000000 0.973201
6.000000 0.968944
7.000000 0.965524
8.000000 0.956871
9.000000 0.953381
10.000000 0.943122
11.000000 0.933631
12.000000 0.918068
13.000000 0.904041
14.000000 0.884081
15.000000 0.865797
16.000000 0.835718
17.000000 0.806337
18.000000 0.764045
19.000000 0.716798
20.000000 0.668225
21.000000 0.616023
22.000000 0.550003
23.000000 0.472050
24.000000 0.390816
25.000000 0.316770
26.000000 0.234559
27.000000 0.170144
28.000000 0.113197
29.000000 0.068044
30.000000 0.035453
31.000000 0.016679
32.000000 0.006769
33.000000 0.001815
34.000000 0.000768
35.000000 0.000070
36.000000 0.000000
37.000000 0.000000
38.000000 0.000000
39.000000 0.000000
40.000000 0.000000
41.000000 0.000000
42.000000 0.000000
43.000000 0.000000
44.000000 0.000000
45.000000 0.000000
46.000000 0.000000
47.000000 0.000000
48.000000 0.000000
49.000000 0.000000
50.000000 0.000000
0.000000 0.990230
1.000000 0.987578
2.000000 0.987089
3.000000 0.985833
4.000000 0.982902
5.000000 0.979622
6.000000 0.977668
7.000000 0.976272
8.000000 0.973062
9.000000 0.966432
10.000000 0.960849
11.000000 0.954986
12.000000 0.949124
13.000000 0.937400
14.000000 0.924628
15.000000 0.910671
16.000000 0.896853
17.000000 0.882616
18.000000 0.844441
19.000000 0.817573
20.000000 0.785819
21.000000 0.741224
22.000000 0.699700
23.000000 0.633122
24.000000 0.573243
25.000000 0.503664
26.000000 0.427734
27.000000 0.348384
28.000000 0.269314
29.000000 0.200223
30.000000 0.129807
31.000000 0.086119
32.000000 0.044804
33.000000 0.022960
34.000000 0.008026
35.000000 0.003420
36.000000 0.000837
37.000000 0.000000
38.000000 0.000070
39.000000 0.000000
40.000000 0.000000
41.000000 0.000000
42.000000 0.000000
43.000000 0.000000
44.000000 0.000000
45.000000 0.000000
46.000000 0.000000
47.000000 0.000000
48.000000 0.000000
49.000000 0.000000
50.000000 0.000000
0.000000 0.993231
1.000000 0.992812
2.000000 0.992323
3.000000 0.992393
4.000000 0.991765
5.000000 0.989811
6.000000 0.989183
7.000000 0.988694
8.000000 0.985484
9.000000 0.982553
10.000000 0.983321
11.000000 0.979063
12.000000 0.977598
13.000000 0.974248
14.000000 0.970270
15.000000 0.967339
16.000000 0.959453
17.000000 0.952753
18.000000 0.940121
19.000000 0.935236
20.000000 0.920790
21.000000 0.905437
22.000000 0.884779
23.000000 0.863703
24.000000 0.840882
25.000000 0.804453
26.000000 0.768651
27.000000 0.719380
28.000000 0.666341
29.000000 0.606742
30.000000 0.538000
31.000000 0.464513
32.000000 0.382232
33.000000 0.308396
34.000000 0.234141
35.000000 0.168121
36.000000 0.105799
37.000000 0.063159
38.000000 0.032452
39.000000 0.013958
40.000000 0.005444
41.000000 0.001675
42.000000 0.000209
43.000000 0.000070
44.000000 0.000000
45.000000 0.000000
46.000000 0.000000
47.000000 0.000000
48.000000 0.000000
49.000000 0.000000
50.000000 0.000000
0.000000 0.992882
1.000000 0.991695
2.000000 0.991765
3.000000 0.990230
4.000000 0.989811
5.000000 0.986950
6.000000 0.986880
7.000000 0.985275
8.000000 0.981018
9.000000 0.982343
10.000000 0.979063
11.000000 0.973131
12.000000 0.972573
13.000000 0.966013
14.000000 0.960569
15.000000 0.954219
16.000000 0.946961
17.000000 0.937330
18.000000 0.923651
19.000000 0.913323
20.000000 0.894201
21.000000 0.872706
22.000000 0.845069
23.000000 0.818969
24.000000 0.772838
25.000000 0.732989
26.000000 0.687836
27.000000 0.620909
28.000000 0.559355
29.000000 0.485310
30.000000 0.415032
31.000000 0.332542
32.000000 0.253751
33.000000 0.179915
34.000000 0.124573
35.000000 0.076488
36.000000 0.038384
37.000000 0.017726
38.000000 0.007956
39.000000 0.002512
40.000000 0.000489
41.000000 0.000209
42.000000 0.000000
43.000000 0.000000
44.000000 0.000000
45.000000 0.000000
46.000000 0.000000
47.000000 0.000000
48.000000 0.000000
49.000000 0.000000
50.000000 0.000000
0.000000 0.993510
1.000000 0.993998
2.000000 0.992951
3.000000 0.992253
4.000000 0.992533
5.000000 0.990788
6.000000 0.990090
7.000000 0.989183
8.000000 0.988555
9.000000 0.989532
10.000000 0.986391
11.000000 0.985275
12.000000 0.983879
13.000000 0.980808
14.000000 0.977319
15.000000 0.975504
16.000000 0.973480
17.000000 0.963291
18.000000 0.958685
19.000000 0.954917
20.000000 0.942494
21.000000 0.937818
22.000000 0.920930
23.000000 0.910740
24.000000 0.892177
25.000000 0.870193
26.000000 0.847163
27.000000 0.810454
28.000000 0.776816
29.000000 0.730267
30.000000 0.678275
31.000000 0.623700
32.000000 0.562356
33.000000 0.483425
34.000000 0.419290
35.000000 0.336381
36.000000 0.255077
37.000000 0.181799
38.000000 0.122409
39.000000 0.077256
40.000000 0.038105
41.000000 0.018703
42.000000 0.007398
43.000000 0.002652
44.000000 0.000349
45.000000 0.000000
46.000000 0.000000
47.000000 0.000000
48.000000 0.000000
49.000000 0.000000
50.000000 0.000000
0.000000 0.994487
1.000000 0.995115
2.000000 0.994766
3.000000 0.994836
4.000000 0.994487
5.000000 0.994487
6.000000 0.993789
7.000000 0.993789
8.000000 0.992393
9.000000 0.992602
10.000000 0.992463
11.000000 0.991067
12.000000 0.988973
13.000000 0.990718
14.000000 0.987787
15.000000 0.987717
16.000000 0.983949
17.000000 0.983321
18.000000 0.980738
19.000000 0.980738
20.000000 0.971526
21.000000 0.968595
22.000000 0.964059
23.000000 0.957429
24.000000 0.952334
25.000000 0.939772
26.000000 0.928955
27.000000 0.918766
28.000000 0.902156
29.000000 0.885058
30.000000 0.861400
31.000000 0.826855
32.000000 0.802917
33.000000 0.756647
34.000000 0.719031
35.000000 0.660130
36.000000 0.590690
37.000000 0.530881
38.000000 0.448601
39.000000 0.378673
40.000000 0.296462
41.000000 0.220741
42.000000 0.156815
43.000000 0.099937
44.000000 0.062321
45.000000 0.029521
46.000000 0.013190
47.000000 0.005374
48.000000 0.001396
49.000000 0.000419
50.000000 0.000070
