0.000000 0.985275
1.000000 0.981018
2.000000 0.981436
3.000000 0.977389
4.000000 0.969642
5.000000 0.964687
6.000000 0.959313
7.000000 0.948566
8.000000 0.939772
9.000000 0.924698
10.000000 0.914718
11.000000 0.893642
12.000000 0.872566
13.000000 0.847163
14.000000 0.809407
15.000000 0.776328
16.000000 0.733757
17.000000 0.675274
18.000000 0.615256
19.000000 0.556633
20.000000 0.476167
21.000000 0.401214
22.000000 0.320539
23.000000 0.246842
24.000000 0.173494
25.000000 0.116198
26.000000 0.068951
27.000000 0.038105
28.000000 0.016819
29.000000 0.006351
30.000000 0.001954
31.000000 0.000209
32.000000 0.000070
33.000000 0.000070
34.000000 0.000000
35.000000 0.000000
36.000000 0.000000
37.000000 0.000000
38.000000 0.000000
39.000000 0.000000
40.000000 0.000000
41.000000 0.000000
42.000000 0.000000
43.000000 0.000000
44.000000 0.000000
45.000000 0.000000
46.000000 0.000000
47.000000 0.000000
48.000000 0.000000
49.000000 0.000000
50.000000 0.000000
0.000000 0.984786
1.000000 0.982553
2.000000 0.977458
3.000000 0.973271
4.000000 0.967409
5.000000 0.960500
6.000000 0.956103
7.000000 0.945705
8.000000 0.938237
9.000000 0.924698
10.000000 0.910043
11.000000 0.890711
12.000000 0.863145
13.000000 0.839835
14.000000 0.804801
15.000000 0.779329
16.000000 0.725940
17.000000 0.679950
18.000000 0.613930
19.000000 0.545258
20.000000 0.473445
21.000000 0.403448
22.000000 0.328983
23.000000 0.243632
24.000000 0.175379
25.000000 0.118641
26.000000 0.069160
27.000000 0.037337
28.000000 0.016749
29.000000 0.007747
30.000000 0.002024
31.000000 0.000419
32.000000 0.000349
33.000000 0.000070
34.000000 0.000000
35.000000 0.000000
36.000000 0.000000
37.000000 0.000000
38.000000 0.000000
39.000000 0.000000
40.000000 0.000000
41.000000 0.000000
42.000000 0.000000
43.000000 0.000000
44.000000 0.000000
45.000000 0.000000
46.000000 0.000000
47.000000 0.000000
48.000000 0.000000
49.000000 0.000000
50.000000 0.000000
0.000000 0.982553
1.000000 0.982064
2.000000 0.977668
3.000000 0.972503
4.000000 0.968037
5.000000 0.963221
6.000000 0.955056
7.000000 0.949403
8.000000 0.933352
9.000000 0.921209
10.000000 0.908437
11.000000 0.891200
12.000000 0.870472
13.000000 0.842627
14.000000 0.811571
15.000000 0.766139
16.000000 0.729918
17.000000 0.680787
18.000000 0.613651
19.000000 0.547561
20.000000 0.477493
21.000000 0.394375
22.000000 0.324517
23.000000 0.239933
24.000000 0.174262
25.000000 0.119897
26.000000 0.074115
27.000000 0.041454
28.000000 0.017796
29.000000 0.008584
30.000000 0.002652
31.000000 0.001256
32.000000 0.000698
33.000000 0.000698
34.000000 0.000558
35.000000 0.000698
36.000000 0.000558
37.000000 0.000558
38.000000 0.000489
39.000000 0.000628
40.000000 0.000628
41.000000 0.000768
42.000000 0.000558
43.000000 0.000558
44.000000 0.000628
45.000000 0.000628
46.000000 0.000558
47.000000 0.000558
48.000000 0.000628
49.000000 0.000558
50.000000 0.000558
0.000000 0.983669
1.000000 0.979831
2.000000 0.976272
3.000000 0.971177
4.000000 0.969502
5.000000 0.963640
6.000000 0.957708
7.000000 0.948636
8.000000 0.935166
9.000000 0.921558
10.000000 0.907251
11.000000 0.893084
12.000000 0.866843
13.000000 0.840254
14.000000 0.811641
15.000000 0.773815
16.000000 0.733478
17.000000 0.681276
18.000000 0.614837
19.000000 0.554679
20.000000 0.474283
21.000000 0.397725
22.000000 0.316003
23.000000 0.243562
24.000000 0.174192
25.000000 0.115081
26.000000 0.073627
27.000000 0.040757
28.000000 0.020029
29.000000 0.007537
30.000000 0.005025
31.000000 0.002303
32.000000 0.001605
33.000000 0.001675
34.000000 0.001535
35.000000 0.001675
36.000000 0.001675
37.000000 0.001605
38.000000 0.001675
39.000000 0.001675
40.000000 0.001675
41.000000 0.001675
42.000000 0.001605
43.000000 0.001605
44.000000 0.001605
45.000000 0.001675
46.000000 0.001675
47.000000 0.001605
48.000000 0.001675
49.000000 0.001605
50.000000 0.001605
0.000000 0.983669
1.000000 0.980250
2.000000 0.975155
3.000000 0.973271
4.000000 0.967548
5.000000 0.961128
6.000000 0.953940
7.000000 0.945774
8.000000 0.934608
9.000000 0.922884
10.000000 0.911927
11.000000 0.889176
12.000000 0.867332
13.000000 0.844790
14.000000 0.808849
15.000000 0.772001
16.000000 0.728662
17.000000 0.671854
18.000000 0.612813
19.000000 0.555028
20.000000 0.478680
21.000000 0.399749
22.000000 0.324238
23.000000 0.250750
24.000000 0.179705
25.000000 0.124084
26.000000 0.079140
27.000000 0.045223
28.000000 0.025403
29.000000 0.013330
30.000000 0.009701
31.000000 0.007188
32.000000 0.006490
33.000000 0.006211
34.000000 0.005932
35.000000 0.006141
36.000000 0.006141
37.000000 0.006281
38.000000 0.006281
39.000000 0.006281
40.000000 0.006211
41.000000 0.006281
42.000000 0.006281
43.000000 0.006281
44.000000 0.006281
45.000000 0.006281
46.000000 0.006281
47.000000 0.006211
48.000000 0.006281
49.000000 0.006281
50.000000 0.006281
0.000000 0.982064
1.000000 0.978645
2.000000 0.975574
3.000000 0.975504
4.000000 0.968735
5.000000 0.963291
6.000000 0.956312
7.000000 0.944099
8.000000 0.931328
9.000000 0.925954
10.000000 0.905576
11.000000 0.889455
12.000000 0.864750
13.000000 0.841580
14.000000 0.810105
15.000000 0.772629
16.000000 0.731523
17.000000 0.676600
18.000000 0.618885
19.000000 0.556913
20.000000 0.491939
21.000000 0.427036
22.000000 0.345593
23.000000 0.288645
24.000000 0.223463
25.000000 0.162538
26.000000 0.121083
27.000000 0.088631
28.000000 0.061484
29.000000 0.045502
30.000000 0.035243
31.000000 0.025822
32.000000 0.022263
33.000000 0.019471
34.000000 0.018564
35.000000 0.017447
36.000000 0.017657
37.000000 0.017517
38.000000 0.017238
39.000000 0.017238
40.000000 0.017308
41.000000 0.017517
42.000000 0.017168
43.000000 0.017098
44.000000 0.017238
45.000000 0.017098
46.000000 0.017238
47.000000 0.017238
48.000000 0.017168
49.000000 0.017168
50.000000 0.017168
0.000000 0.983041
1.000000 0.982692
2.000000 0.978226
3.000000 0.972224
4.000000 0.967479
5.000000 0.962384
6.000000 0.955475
7.000000 0.946542
8.000000 0.933980
9.000000 0.924838
10.000000 0.909694
11.000000 0.892526
12.000000 0.868169
13.000000 0.851211
14.000000 0.813665
15.000000 0.779259
16.000000 0.747086
17.000000 0.701445
18.000000 0.660409
19.000000 0.616233
20.000000 0.561030
21.000000 0.521111
22.000000 0.466327
23.000000 0.420825
24.000000 0.381743
25.000000 0.336451
26.000000 0.308745
27.000000 0.280690
28.000000 0.255984
29.000000 0.236234
30.000000 0.223463
31.000000 0.210692
32.000000 0.196315
33.000000 0.191011
34.000000 0.181171
35.000000 0.176565
36.000000 0.176286
37.000000 0.169307
38.000000 0.166376
39.000000 0.162398
40.000000 0.164771
41.000000 0.162328
42.000000 0.160025
43.000000 0.162956
44.000000 0.162886
45.000000 0.159048
46.000000 0.159746
47.000000 0.157373
48.000000 0.158769
49.000000 0.158490
50.000000 0.158141
