0.000000 0.990379
1.000000 0.992553
2.000000 0.989512
3.000000 0.985723
4.000000 0.982663
5.000000 0.979223
6.000000 0.975056
7.000000 0.973221
8.000000 0.962364
9.000000 0.957908
10.000000 0.949393
11.000000 0.940351
12.000000 0.945565
13.000000 0.908138
14.000000 0.893323
15.000000 0.870044
16.000000 0.825987
17.000000 0.792220
18.000000 0.751333
19.000000 0.701076
20.000000 0.644328
21.000000 0.580950
22.000000 0.512238
23.000000 0.437116
24.000000 0.359511
25.000000 0.284618
26.000000 0.213503
27.000000 0.154233
28.000000 0.098900
29.000000 0.063837
30.000000 0.034735
31.000000 0.016370
32.000000 0.005663
33.000000 0.002512
34.000000 0.000668
35.000000 0.000090
36.000000 0.000050
37.000000 0.000000
38.000000 0.000000
39.000000 0.000000
40.000000 0.000000
41.000000 0.000000
42.000000 0.000000
43.000000 0.000000
44.000000 0.000000
45.000000 0.000000
46.000000 0.000000
47.000000 0.000000
48.000000 0.000000
49.000000 0.000000
50.000000 0.000000
