0.000000 0.083028
1.000000 0.058872
2.000000 0.039072
3.000000 0.025204
4.000000 0.012562
5.000000 0.006411
6.000000 0.002602
7.000000 0.000788
8.000000 0.000140
9.000000 0.000030
10.000000 0.000000
11.000000 0.000000
12.000000 0.000000
13.000000 0.000000
14.000000 0.000000
15.000000 0.000000
16.000000 0.000000
17.000000 0.000000
18.000000 0.000000
19.000000 0.000000
20.000000 0.000000
21.000000 0.000000
22.000000 0.000000
23.000000 0.000000
24.000000 0.000000
25.000000 0.000000
26.000000 0.000000
27.000000 0.000000
28.000000 0.000000
29.000000 0.000000
30.000000 0.000000
31.000000 0.000000
32.000000 0.000000
33.000000 0.000000
34.000000 0.000000
35.000000 0.000000
36.000000 0.000000
37.000000 0.000000
38.000000 0.000000
39.000000 0.000000
40.000000 0.000000
41.000000 0.000000
42.000000 0.000000
43.000000 0.000000
44.000000 0.000000
45.000000 0.000000
46.000000 0.000000
47.000000 0.000000
48.000000 0.000000
49.000000 0.000000
50.000000 0.000000
0.000000 0.081094
1.000000 0.058214
2.000000 0.039710
3.000000 0.023469
4.000000 0.013240
5.000000 0.006321
6.000000 0.002363
7.000000 0.000877
8.000000 0.000179
9.000000 0.000040
10.000000 0.000000
11.000000 0.000000
12.000000 0.000000
13.000000 0.000000
14.000000 0.000000
15.000000 0.000000
16.000000 0.000000
17.000000 0.000000
18.000000 0.000000
19.000000 0.000000
20.000000 0.000000
21.000000 0.000000
22.000000 0.000000
23.000000 0.000000
24.000000 0.000000
25.000000 0.000000
26.000000 0.000000
27.000000 0.000000
28.000000 0.000000
29.000000 0.000000
30.000000 0.000000
31.000000 0.000000
32.000000 0.000000
33.000000 0.000000
34.000000 0.000000
35.000000 0.000000
36.000000 0.000000
37.000000 0.000000
38.000000 0.000000
39.000000 0.000000
40.000000 0.000000
41.000000 0.000000
42.000000 0.000000
43.000000 0.000000
44.000000 0.000000
45.000000 0.000000
46.000000 0.000000
47.000000 0.000000
48.000000 0.000000
49.000000 0.000000
50.000000 0.000000
0.000000 0.080715
1.000000 0.057885
2.000000 0.039540
3.000000 0.023608
4.000000 0.013350
5.000000 0.006411
6.000000 0.002652
7.000000 0.000887
8.000000 0.000239
9.000000 0.000040
10.000000 0.000000
11.000000 0.000000
12.000000 0.000000
13.000000 0.000000
14.000000 0.000000
15.000000 0.000000
16.000000 0.000000
17.000000 0.000000
18.000000 0.000000
19.000000 0.000000
20.000000 0.000000
21.000000 0.000000
22.000000 0.000000
23.000000 0.000000
24.000000 0.000000
25.000000 0.000000
26.000000 0.000000
27.000000 0.000000
28.000000 0.000000
29.000000 0.000000
30.000000 0.000000
31.000000 0.000000
32.000000 0.000000
33.000000 0.000000
34.000000 0.000000
35.000000 0.000000
36.000000 0.000000
37.000000 0.000000
38.000000 0.000000
39.000000 0.000000
40.000000 0.000000
41.000000 0.000000
42.000000 0.000000
43.000000 0.000000
44.000000 0.000000
45.000000 0.000000
46.000000 0.000000
47.000000 0.000000
48.000000 0.000000
49.000000 0.000000
50.000000 0.000000
0.000000 0.081104
1.000000 0.059390
2.000000 0.039829
3.000000 0.024516
4.000000 0.014047
5.000000 0.007298
6.000000 0.003031
7.000000 0.001156
8.000000 0.000638
9.000000 0.000199
10.000000 0.000090
11.000000 0.000040
12.000000 0.000090
13.000000 0.000000
14.000000 0.000000
15.000000 0.000000
16.000000 0.000000
17.000000 0.000000
18.000000 0.000000
19.000000 0.000000
20.000000 0.000000
21.000000 0.000000
22.000000 0.000000
23.000000 0.000000
24.000000 0.000000
25.000000 0.000000
26.000000 0.000000
27.000000 0.000000
28.000000 0.000000
29.000000 0.000000
30.000000 0.000000
31.000000 0.000000
32.000000 0.000000
33.000000 0.000000
34.000000 0.000000
35.000000 0.000000
36.000000 0.000000
37.000000 0.000000
38.000000 0.000000
39.000000 0.000000
40.000000 0.000000
41.000000 0.000000
42.000000 0.000000
43.000000 0.000000
44.000000 0.000000
45.000000 0.000000
46.000000 0.000000
47.000000 0.000000
48.000000 0.000000
49.000000 0.000000
50.000000 0.000000
0.000000 0.084265
1.000000 0.060975
2.000000 0.041375
3.000000 0.026051
4.000000 0.016021
5.000000 0.008345
6.000000 0.004267
7.000000 0.002831
8.000000 0.002353
9.000000 0.001785
10.000000 0.001376
11.000000 0.001226
12.000000 0.000997
13.000000 0.000947
14.000000 0.000867
15.000000 0.000937
16.000000 0.000648
17.000000 0.000359
18.000000 0.000199
19.000000 0.000169
20.000000 0.000060
21.000000 0.000080
22.000000 0.000100
23.000000 0.000080
24.000000 0.000060
25.000000 0.000030
26.000000 0.000030
27.000000 0.000010
28.000000 0.000000
29.000000 0.000000
30.000000 0.000000
31.000000 0.000000
32.000000 0.000000
33.000000 0.000000
34.000000 0.000000
35.000000 0.000000
36.000000 0.000000
37.000000 0.000000
38.000000 0.000000
39.000000 0.000000
40.000000 0.000000
41.000000 0.000000
42.000000 0.000000
43.000000 0.000000
44.000000 0.000000
45.000000 0.000000
46.000000 0.000000
47.000000 0.000000
48.000000 0.000000
49.000000 0.000000
50.000000 0.000000
0.000000 0.085132
1.000000 0.063438
2.000000 0.043927
3.000000 0.029780
4.000000 0.018913
5.000000 0.012861
6.000000 0.008335
7.000000 0.007218
8.000000 0.006440
9.000000 0.006321
10.000000 0.005972
11.000000 0.005802
12.000000 0.005553
13.000000 0.005503
14.000000 0.005733
15.000000 0.005264
16.000000 0.005723
17.000000 0.005802
18.000000 0.005812
19.000000 0.005633
20.000000 0.005543
21.000000 0.006311
22.000000 0.005703
23.000000 0.006221
24.000000 0.006151
25.000000 0.006301
26.000000 0.006261
27.000000 0.006590
28.000000 0.006999
29.000000 0.006849
30.000000 0.007059
31.000000 0.007208
32.000000 0.007298
33.000000 0.007627
34.000000 0.007647
35.000000 0.007617
36.000000 0.007637
37.000000 0.007657
38.000000 0.007727
39.000000 0.007737
40.000000 0.007756
41.000000 0.007717
42.000000 0.007826
43.000000 0.007717
44.000000 0.007756
45.000000 0.007776
46.000000 0.007836
47.000000 0.007796
48.000000 0.007806
49.000000 0.007806
50.000000 0.007786
0.000000 0.090615
1.000000 0.069928
2.000000 0.050676
3.000000 0.036639
4.000000 0.025931
5.000000 0.020149
6.000000 0.016301
7.000000 0.014536
8.000000 0.015144
9.000000 0.013250
10.000000 0.013150
11.000000 0.012781
12.000000 0.013120
13.000000 0.013708
14.000000 0.013150
15.000000 0.012991
16.000000 0.013968
17.000000 0.013270
18.000000 0.013758
19.000000 0.013320
20.000000 0.014057
21.000000 0.014317
22.000000 0.013639
23.000000 0.014337
24.000000 0.014536
25.000000 0.013708
26.000000 0.014536
27.000000 0.014795
28.000000 0.015094
29.000000 0.015722
30.000000 0.015633
31.000000 0.016550
32.000000 0.016979
33.000000 0.017318
34.000000 0.017995
35.000000 0.018205
36.000000 0.018853
37.000000 0.019401
38.000000 0.019511
39.000000 0.020308
40.000000 0.020667
41.000000 0.020937
42.000000 0.021315
43.000000 0.021605
44.000000 0.021684
45.000000 0.022013
46.000000 0.022263
47.000000 0.022302
48.000000 0.022502
49.000000 0.022582
50.000000 0.022671
