0.000000 0.192045
1.000000 0.118688
2.000000 0.103544
3.000000 0.052457
4.000000 0.026528
5.000000 0.016013
6.000000 0.020551
7.000000 0.012055
8.000000 0.000340
9.000000 0.000330
10.000000 0.000000
11.000000 0.000010
12.000000 0.000000
13.000000 0.000000
14.000000 0.000000
15.000000 0.000000
16.000000 0.000000
17.000000 0.000000
18.000000 0.000000
19.000000 0.000000
20.000000 0.000000
21.000000 0.000000
22.000000 0.000000
23.000000 0.000000
24.000000 0.000000
25.000000 0.000000
26.000000 0.000000
27.000000 0.000000
28.000000 0.000000
29.000000 0.000000
30.000000 0.000000
31.000000 0.000000
32.000000 0.000000
33.000000 0.000000
34.000000 0.000000
35.000000 0.000000
36.000000 0.000000
37.000000 0.000000
38.000000 0.000000
39.000000 0.000000
40.000000 0.000000
41.000000 0.000000
42.000000 0.000000
43.000000 0.000000
44.000000 0.000000
45.000000 0.000000
46.000000 0.000000
47.000000 0.000000
48.000000 0.000000
49.000000 0.000000
50.000000 0.000000
0.000000 0.142287
1.000000 0.128593
2.000000 0.089071
3.000000 0.045860
4.000000 0.037014
5.000000 0.014923
6.000000 0.006917
7.000000 0.002559
8.000000 0.001299
9.000000 0.000520
10.000000 0.000080
11.000000 0.000060
12.000000 0.000010
13.000000 0.000000
14.000000 0.000000
15.000000 0.000000
16.000000 0.000000
17.000000 0.000000
18.000000 0.000000
19.000000 0.000000
20.000000 0.000000
21.000000 0.000000
22.000000 0.000000
23.000000 0.000000
24.000000 0.000000
25.000000 0.000000
26.000000 0.000000
27.000000 0.000000
28.000000 0.000000
29.000000 0.000000
30.000000 0.000000
31.000000 0.000000
32.000000 0.000000
33.000000 0.000000
34.000000 0.000000
35.000000 0.000000
36.000000 0.000000
37.000000 0.000000
38.000000 0.000000
39.000000 0.000000
40.000000 0.000000
41.000000 0.000000
42.000000 0.000000
43.000000 0.000000
44.000000 0.000000
45.000000 0.000000
46.000000 0.000000
47.000000 0.000000
48.000000 0.000000
49.000000 0.000000
50.000000 0.000000
0.000000 0.187368
1.000000 0.151074
2.000000 0.086282
3.000000 0.111001
4.000000 0.052417
5.000000 0.036204
6.000000 0.026308
7.000000 0.020281
8.000000 0.022110
9.000000 0.013244
10.000000 0.021481
11.000000 0.012435
12.000000 0.010815
13.000000 0.021021
14.000000 0.006727
15.000000 0.006247
16.000000 0.020531
17.000000 0.006427
18.000000 0.004648
19.000000 0.008036
20.000000 0.005448
21.000000 0.002669
22.000000 0.001609
23.000000 0.011105
24.000000 0.006807
25.000000 0.000730
26.000000 0.000220
27.000000 0.000250
28.000000 0.000080
29.000000 0.000030
30.000000 0.000010
31.000000 0.000000
32.000000 0.000000
33.000000 0.000000
34.000000 0.000000
35.000000 0.000000
36.000000 0.000000
37.000000 0.000000
38.000000 0.000000
39.000000 0.000000
40.000000 0.000000
41.000000 0.000000
42.000000 0.000000
43.000000 0.000000
44.000000 0.000000
45.000000 0.000000
46.000000 0.000000
47.000000 0.000000
48.000000 0.000000
49.000000 0.000000
50.000000 0.000000
0.000000 0.201451
1.000000 0.218024
2.000000 0.131872
3.000000 0.112950
4.000000 0.091950
5.000000 0.068210
6.000000 0.062383
7.000000 0.047949
8.000000 0.049518
9.000000 0.047709
10.000000 0.043171
11.000000 0.042481
12.000000 0.041082
13.000000 0.049168
14.000000 0.043901
15.000000 0.039782
16.000000 0.038373
17.000000 0.032866
18.000000 0.036494
19.000000 0.034305
20.000000 0.031136
21.000000 0.040532
22.000000 0.027328
23.000000 0.044980
24.000000 0.030307
25.000000 0.022760
26.000000 0.028787
27.000000 0.020131
28.000000 0.018042
29.000000 0.023750
30.000000 0.025609
31.000000 0.010285
32.000000 0.010985
33.000000 0.004998
34.000000 0.006577
35.000000 0.003788
36.000000 0.003568
37.000000 0.006827
38.000000 0.000660
39.000000 0.000370
40.000000 0.000110
41.000000 0.000010
42.000000 0.000030
43.000000 0.000000
44.000000 0.000000
45.000000 0.000000
46.000000 0.000000
47.000000 0.000000
48.000000 0.000000
49.000000 0.000000
50.000000 0.000000
0.000000 0.441726
1.000000 0.459838
2.000000 0.393207
3.000000 0.372546
4.000000 0.292091
5.000000 0.290482
6.000000 0.247781
7.000000 0.224011
8.000000 0.205779
9.000000 0.170045
10.000000 0.176882
11.000000 0.135640
12.000000 0.138989
13.000000 0.120857
14.000000 0.127744
15.000000 0.111891
16.000000 0.107773
17.000000 0.121716
18.000000 0.122596
19.000000 0.115599
20.000000 0.110601
21.000000 0.089371
22.000000 0.092469
23.000000 0.074737
24.000000 0.060204
25.000000 0.079515
26.000000 0.078725
27.000000 0.039363
28.000000 0.039153
29.000000 0.017622
30.000000 0.025169
31.000000 0.013474
32.000000 0.006817
33.000000 0.002599
34.000000 0.001869
35.000000 0.000670
36.000000 0.000100
37.000000 0.000080
38.000000 0.000030
39.000000 0.000000
40.000000 0.000000
41.000000 0.000000
42.000000 0.000000
43.000000 0.000000
44.000000 0.000000
45.000000 0.000000
46.000000 0.000000
47.000000 0.000000
48.000000 0.000000
49.000000 0.000000
50.000000 0.000000
