0.000000 0.081344
1.000000 0.057556
2.000000 0.038962
3.000000 0.023997
4.000000 0.014287
5.000000 0.006271
6.000000 0.002782
7.000000 0.000748
8.000000 0.000209
9.000000 0.000010
10.000000 0.000020
11.000000 0.000000
12.000000 0.000000
13.000000 0.000000
14.000000 0.000000
15.000000 0.000000
16.000000 0.000000
17.000000 0.000000
18.000000 0.000000
19.000000 0.000000
20.000000 0.000000
21.000000 0.000000
22.000000 0.000000
23.000000 0.000000
24.000000 0.000000
25.000000 0.000000
26.000000 0.000000
27.000000 0.000000
28.000000 0.000000
29.000000 0.000000
30.000000 0.000000
31.000000 0.000000
32.000000 0.000000
33.000000 0.000000
34.000000 0.000000
35.000000 0.000000
36.000000 0.000000
37.000000 0.000000
38.000000 0.000000
39.000000 0.000000
40.000000 0.000000
41.000000 0.000000
42.000000 0.000000
43.000000 0.000000
44.000000 0.000000
45.000000 0.000000
46.000000 0.000000
47.000000 0.000000
48.000000 0.000000
49.000000 0.000000
50.000000 0.000000
0.000000 0.080396
1.000000 0.057974
2.000000 0.039799
3.000000 0.023439
4.000000 0.013728
5.000000 0.006201
6.000000 0.002632
7.000000 0.000808
8.000000 0.000189
9.000000 0.000040
10.000000 0.000000
11.000000 0.000000
12.000000 0.000000
13.000000 0.000000
14.000000 0.000000
15.000000 0.000000
16.000000 0.000000
17.000000 0.000000
18.000000 0.000000
19.000000 0.000000
20.000000 0.000000
21.000000 0.000000
22.000000 0.000000
23.000000 0.000000
24.000000 0.000000
25.000000 0.000000
26.000000 0.000000
27.000000 0.000000
28.000000 0.000000
29.000000 0.000000
30.000000 0.000000
31.000000 0.000000
32.000000 0.000000
33.000000 0.000000
34.000000 0.000000
35.000000 0.000000
36.000000 0.000000
37.000000 0.000000
38.000000 0.000000
39.000000 0.000000
40.000000 0.000000
41.000000 0.000000
42.000000 0.000000
43.000000 0.000000
44.000000 0.000000
45.000000 0.000000
46.000000 0.000000
47.000000 0.000000
48.000000 0.000000
49.000000 0.000000
50.000000 0.000000
0.000000 0.080576
1.000000 0.059021
2.000000 0.040308
3.000000 0.023489
4.000000 0.012831
5.000000 0.006341
6.000000 0.002811
7.000000 0.000917
8.000000 0.000279
9.000000 0.000030
10.000000 0.000000
11.000000 0.000000
12.000000 0.000000
13.000000 0.000000
14.000000 0.000000
15.000000 0.000000
16.000000 0.000000
17.000000 0.000000
18.000000 0.000000
19.000000 0.000000
20.000000 0.000000
21.000000 0.000000
22.000000 0.000000
23.000000 0.000000
24.000000 0.000000
25.000000 0.000000
26.000000 0.000000
27.000000 0.000000
28.000000 0.000000
29.000000 0.000000
30.000000 0.000000
31.000000 0.000000
32.000000 0.000000
33.000000 0.000000
34.000000 0.000000
35.000000 0.000000
36.000000 0.000000
37.000000 0.000000
38.000000 0.000000
39.000000 0.000000
40.000000 0.000000
41.000000 0.000000
42.000000 0.000000
43.000000 0.000000
44.000000 0.000000
45.000000 0.000000
46.000000 0.000000
47.000000 0.000000
48.000000 0.000000
49.000000 0.000000
50.000000 0.000000
0.000000 0.082729
1.000000 0.059420
2.000000 0.039610
3.000000 0.024655
4.000000 0.013399
5.000000 0.006899
6.000000 0.003330
7.000000 0.001236
8.000000 0.000528
9.000000 0.000110
10.000000 0.000080
11.000000 0.000020
12.000000 0.000000
13.000000 0.000000
14.000000 0.000000
15.000000 0.000000
16.000000 0.000000
17.000000 0.000000
18.000000 0.000000
19.000000 0.000000
20.000000 0.000000
21.000000 0.000000
22.000000 0.000000
23.000000 0.000000
24.000000 0.000000
25.000000 0.000000
26.000000 0.000000
27.000000 0.000000
28.000000 0.000000
29.000000 0.000000
30.000000 0.000000
31.000000 0.000000
32.000000 0.000000
33.000000 0.000000
34.000000 0.000000
35.000000 0.000000
36.000000 0.000000
37.000000 0.000000
38.000000 0.000000
39.000000 0.000000
40.000000 0.000000
41.000000 0.000000
42.000000 0.000000
43.000000 0.000000
44.000000 0.000000
45.000000 0.000000
46.000000 0.000000
47.000000 0.000000
48.000000 0.000000
49.000000 0.000000
50.000000 0.000000
0.000000 0.082839
1.000000 0.060816
2.000000 0.041415
3.000000 0.026081
4.000000 0.015194
5.000000 0.008574
6.000000 0.004736
7.000000 0.003001
8.000000 0.001914
9.000000 0.001326
10.000000 0.001007
11.000000 0.000618
12.000000 0.000808
13.000000 0.000419
14.000000 0.000179
15.000000 0.000199
16.000000 0.000150
17.000000 0.000000
18.000000 0.000000
19.000000 0.000000
20.000000 0.000000
21.000000 0.000000
22.000000 0.000000
23.000000 0.000000
24.000000 0.000000
25.000000 0.000000
26.000000 0.000000
27.000000 0.000000
28.000000 0.000000
29.000000 0.000000
30.000000 0.000000
31.000000 0.000000
32.000000 0.000000
33.000000 0.000000
34.000000 0.000000
35.000000 0.000000
36.000000 0.000000
37.000000 0.000000
38.000000 0.000000
39.000000 0.000000
40.000000 0.000000
41.000000 0.000000
42.000000 0.000000
43.000000 0.000000
44.000000 0.000000
45.000000 0.000000
46.000000 0.000000
47.000000 0.000000
48.000000 0.000000
49.000000 0.000000
50.000000 0.000000
0.000000 0.094274
1.000000 0.068891
2.000000 0.049510
3.000000 0.032701
4.000000 0.020398
5.000000 0.012263
6.000000 0.008993
7.000000 0.006470
8.000000 0.006181
9.000000 0.005274
10.000000 0.004825
11.000000 0.005444
12.000000 0.004297
13.000000 0.003440
14.000000 0.002632
15.000000 0.003051
16.000000 0.003808
17.000000 0.003150
18.000000 0.003140
19.000000 0.002742
20.000000 0.002881
21.000000 0.002931
22.000000 0.002453
23.000000 0.002144
24.000000 0.002193
25.000000 0.002891
26.000000 0.002233
27.000000 0.002064
28.000000 0.001994
29.000000 0.002134
30.000000 0.001904
31.000000 0.001495
32.000000 0.001805
33.000000 0.001446
34.000000 0.001426
35.000000 0.001456
36.000000 0.001376
37.000000 0.001386
38.000000 0.001436
39.000000 0.001456
40.000000 0.001545
41.000000 0.001316
42.000000 0.001186
43.000000 0.001585
44.000000 0.001416
45.000000 0.001416
46.000000 0.001446
47.000000 0.001615
48.000000 0.001396
49.000000 0.001466
50.000000 0.001446
0.000000 0.195557
1.000000 0.155429
2.000000 0.120256
3.000000 0.088901
4.000000 0.063807
5.000000 0.042551
6.000000 0.030298
7.000000 0.020139
8.000000 0.016291
9.000000 0.015134
10.000000 0.013828
11.000000 0.014466
12.000000 0.013070
13.000000 0.012801
14.000000 0.012392
15.000000 0.013938
16.000000 0.013778
17.000000 0.013738
18.000000 0.013878
19.000000 0.014815
20.000000 0.015074
21.000000 0.014935
22.000000 0.014745
23.000000 0.015712
24.000000 0.015473
25.000000 0.016350
26.000000 0.016021
27.000000 0.016689
28.000000 0.017158
29.000000 0.017188
30.000000 0.018275
31.000000 0.018464
32.000000 0.019102
33.000000 0.019690
34.000000 0.020169
35.000000 0.020578
36.000000 0.020757
37.000000 0.020777
38.000000 0.021076
39.000000 0.021505
40.000000 0.021345
41.000000 0.021475
42.000000 0.021475
43.000000 0.021545
44.000000 0.021555
45.000000 0.021505
46.000000 0.021545
47.000000 0.021545
48.000000 0.021565
49.000000 0.021555
50.000000 0.021595
