0.000000 0.000005
1.000000 0.000004
2.000000 0.000003
3.000000 0.000003
4.000000 0.000002
5.000000 0.000002
6.000000 0.000001
7.000000 0.000001
8.000000 0.000001
9.000000 0.000000
10.000000 0.000000
11.000000 0.000000
12.000000 0.000000
13.000000 0.000000
14.000000 0.000000
15.000000 0.000000
16.000000 0.000000
17.000000 0.000000
18.000000 0.000000
19.000000 0.000000
20.000000 0.000000
21.000000 0.000000
22.000000 0.000000
23.000000 0.000000
24.000000 0.000000
25.000000 0.000000
26.000000 0.000000
27.000000 0.000000
28.000000 0.000000
29.000000 0.000000
30.000000 0.000000
31.000000 0.000000
32.000000 0.000000
33.000000 0.000000
34.000000 0.000000
35.000000 0.000000
36.000000 0.000000
37.000000 0.000000
38.000000 0.000000
39.000000 0.000000
40.000000 0.000000
41.000000 0.000000
42.000000 0.000000
43.000000 0.000000
44.000000 0.000000
45.000000 0.000000
46.000000 0.000000
47.000000 0.000000
48.000000 0.000000
49.000000 0.000000
50.000000 0.000000
0.000000 0.000010
1.000000 0.000008
2.000000 0.000007
3.000000 0.000005
4.000000 0.000004
5.000000 0.000003
6.000000 0.000002
7.000000 0.000002
8.000000 0.000002
9.000000 0.000001
10.000000 0.000001
11.000000 0.000001
12.000000 0.000001
13.000000 0.000001
14.000000 0.000000
15.000000 0.000000
16.000000 0.000000
17.000000 0.000000
18.000000 0.000000
19.000000 0.000000
20.000000 0.000000
21.000000 0.000000
22.000000 0.000000
23.000000 0.000000
24.000000 0.000000
25.000000 0.000000
26.000000 0.000000
27.000000 0.000000
28.000000 0.000000
29.000000 0.000000
30.000000 0.000000
31.000000 0.000000
32.000000 0.000000
33.000000 0.000000
34.000000 0.000000
35.000000 0.000000
36.000000 0.000000
37.000000 0.000000
38.000000 0.000000
39.000000 0.000000
40.000000 0.000000
41.000000 0.000000
42.000000 0.000000
43.000000 0.000000
44.000000 0.000000
45.000000 0.000000
46.000000 0.000000
47.000000 0.000000
48.000000 0.000000
49.000000 0.000000
50.000000 0.000000
0.000000 0.000019
1.000000 0.000016
2.000000 0.000013
3.000000 0.000010
4.000000 0.000008
5.000000 0.000007
6.000000 0.000005
7.000000 0.000004
8.000000 0.000003
9.000000 0.000003
10.000000 0.000002
11.000000 0.000002
12.000000 0.000001
13.000000 0.000001
14.000000 0.000001
15.000000 0.000001
16.000000 0.000001
17.000000 0.000001
18.000000 0.000000
19.000000 0.000000
20.000000 0.000000
21.000000 0.000000
22.000000 0.000000
23.000000 0.000000
24.000000 0.000000
25.000000 0.000000
26.000000 0.000000
27.000000 0.000000
28.000000 0.000000
29.000000 0.000000
30.000000 0.000000
31.000000 0.000000
32.000000 0.000000
33.000000 0.000000
34.000000 0.000000
35.000000 0.000000
36.000000 0.000000
37.000000 0.000000
38.000000 0.000000
39.000000 0.000000
40.000000 0.000000
41.000000 0.000000
42.000000 0.000000
43.000000 0.000000
44.000000 0.000000
45.000000 0.000000
46.000000 0.000000
47.000000 0.000000
48.000000 0.000000
49.000000 0.000000
50.000000 0.000000
0.000000 0.000038
1.000000 0.000032
2.000000 0.000025
3.000000 0.000020
4.000000 0.000016
5.000000 0.000013
6.000000 0.000010
7.000000 0.000008
8.000000 0.000007
9.000000 0.000005
10.000000 0.000004
11.000000 0.000003
12.000000 0.000003
13.000000 0.000002
14.000000 0.000002
15.000000 0.000001
16.000000 0.000001
17.000000 0.000001
18.000000 0.000001
19.000000 0.000001
20.000000 0.000001
21.000000 0.000001
22.000000 0.000000
23.000000 0.000000
24.000000 0.000000
25.000000 0.000000
26.000000 0.000000
27.000000 0.000000
28.000000 0.000000
29.000000 0.000000
30.000000 0.000000
31.000000 0.000000
32.000000 0.000000
33.000000 0.000000
34.000000 0.000000
35.000000 0.000000
36.000000 0.000000
37.000000 0.000000
38.000000 0.000000
39.000000 0.000000
40.000000 0.000000
41.000000 0.000000
42.000000 0.000000
43.000000 0.000000
44.000000 0.000000
45.000000 0.000000
46.000000 0.000000
47.000000 0.000000
48.000000 0.000000
49.000000 0.000000
50.000000 0.000000
0.000000 0.000080
1.000000 0.000064
2.000000 0.000054
3.000000 0.000039
4.000000 0.000033
5.000000 0.000025
6.000000 0.000020
7.000000 0.000016
8.000000 0.000013
9.000000 0.000010
10.000000 0.000008
11.000000 0.000007
12.000000 0.000006
13.000000 0.000004
14.000000 0.000004
15.000000 0.000003
16.000000 0.000003
17.000000 0.000002
18.000000 0.000002
19.000000 0.000002
20.000000 0.000001
21.000000 0.000001
22.000000 0.000001
23.000000 0.000001
24.000000 0.000001
25.000000 0.000001
26.000000 0.000001
27.000000 0.000001
28.000000 0.000001
29.000000 0.000001
30.000000 0.000001
31.000000 0.000001
32.000000 0.000001
33.000000 0.000001
34.000000 0.000001
35.000000 0.000001
36.000000 0.000001
37.000000 0.000001
38.000000 0.000001
39.000000 0.000001
40.000000 0.000001
41.000000 0.000001
42.000000 0.000001
43.000000 0.000001
44.000000 0.000001
45.000000 0.000001
46.000000 0.000001
47.000000 0.000001
48.000000 0.000001
49.000000 0.000001
50.000000 0.000001
0.000000 0.000174
1.000000 0.000142
2.000000 0.000119
3.000000 0.000089
4.000000 0.000069
5.000000 0.000057
6.000000 0.000045
7.000000 0.000036
8.000000 0.000028
9.000000 0.000023
10.000000 0.000019
11.000000 0.000015
12.000000 0.000012
13.000000 0.000010
14.000000 0.000008
15.000000 0.000007
16.000000 0.000005
17.000000 0.000005
18.000000 0.000004
19.000000 0.000003
20.000000 0.000003
21.000000 0.000003
22.000000 0.000002
23.000000 0.000002
24.000000 0.000002
25.000000 0.000002
26.000000 0.000002
27.000000 0.000001
28.000000 0.000001
29.000000 0.000001
30.000000 0.000001
31.000000 0.000001
32.000000 0.000001
33.000000 0.000001
34.000000 0.000001
35.000000 0.000001
36.000000 0.000001
37.000000 0.000001
38.000000 0.000001
39.000000 0.000001
40.000000 0.000001
41.000000 0.000001
42.000000 0.000001
43.000000 0.000001
44.000000 0.000001
45.000000 0.000001
46.000000 0.000001
47.000000 0.000001
48.000000 0.000001
49.000000 0.000001
50.000000 0.000001
0.000000 0.000324
1.000000 0.000262
2.000000 0.000217
3.000000 0.000157
4.000000 0.000135
5.000000 0.000104
6.000000 0.000085
7.000000 0.000068
8.000000 0.000052
9.000000 0.000045
10.000000 0.000036
11.000000 0.000029
12.000000 0.000023
13.000000 0.000019
14.000000 0.000016
15.000000 0.000014
16.000000 0.000012
17.000000 0.000010
18.000000 0.000008
19.000000 0.000007
20.000000 0.000007
21.000000 0.000006
22.000000 0.000006
23.000000 0.000005
24.000000 0.000005
25.000000 0.000005
26.000000 0.000004
27.000000 0.000004
28.000000 0.000004
29.000000 0.000004
30.000000 0.000004
31.000000 0.000004
32.000000 0.000004
33.000000 0.000004
34.000000 0.000004
35.000000 0.000004
36.000000 0.000004
37.000000 0.000004
38.000000 0.000004
39.000000 0.000004
40.000000 0.000004
41.000000 0.000004
42.000000 0.000004
43.000000 0.000004
44.000000 0.000004
45.000000 0.000004
46.000000 0.000004
47.000000 0.000004
48.000000 0.000004
49.000000 0.000004
50.000000 0.000004
