0.000000 0.010323
1.000000 0.008174
2.000000 0.006606
3.000000 0.005237
4.000000 0.003839
5.000000 0.003045
6.000000 0.002266
7.000000 0.001761
8.000000 0.001385
9.000000 0.000970
10.000000 0.000703
11.000000 0.000545
12.000000 0.000388
13.000000 0.000292
14.000000 0.000212
15.000000 0.000166
16.000000 0.000136
17.000000 0.000108
18.000000 0.000089
19.000000 0.000076
20.000000 0.000068
21.000000 0.000058
22.000000 0.000046
23.000000 0.000036
24.000000 0.000037
25.000000 0.000032
26.000000 0.000030
27.000000 0.000028
28.000000 0.000026
29.000000 0.000025
30.000000 0.000022
31.000000 0.000022
32.000000 0.000022
33.000000 0.000020
34.000000 0.000020
35.000000 0.000020
36.000000 0.000020
37.000000 0.000020
38.000000 0.000019
39.000000 0.000020
40.000000 0.000020
41.000000 0.000020
42.000000 0.000020
43.000000 0.000020
44.000000 0.000020
45.000000 0.000020
46.000000 0.000021
47.000000 0.000021
48.000000 0.000021
49.000000 0.000021
50.000000 0.000021
0.000000 0.020128
1.000000 0.016744
2.000000 0.013590
3.000000 0.010694
4.000000 0.008081
5.000000 0.006648
6.000000 0.005020
7.000000 0.004085
8.000000 0.003455
9.000000 0.002516
10.000000 0.002228
11.000000 0.001740
12.000000 0.001403
13.000000 0.001130
14.000000 0.000884
15.000000 0.000728
16.000000 0.000590
17.000000 0.000478
18.000000 0.000394
19.000000 0.000331
20.000000 0.000279
21.000000 0.000233
22.000000 0.000200
23.000000 0.000168
24.000000 0.000153
25.000000 0.000138
26.000000 0.000119
27.000000 0.000114
28.000000 0.000103
29.000000 0.000097
30.000000 0.000093
31.000000 0.000089
32.000000 0.000085
33.000000 0.000083
34.000000 0.000081
35.000000 0.000078
36.000000 0.000077
37.000000 0.000077
38.000000 0.000076
39.000000 0.000075
40.000000 0.000074
41.000000 0.000074
42.000000 0.000074
43.000000 0.000075
44.000000 0.000074
45.000000 0.000073
46.000000 0.000073
47.000000 0.000073
48.000000 0.000073
49.000000 0.000073
50.000000 0.000074
0.000000 0.039693
1.000000 0.032713
2.000000 0.026191
3.000000 0.020256
4.000000 0.016209
5.000000 0.013296
6.000000 0.010887
7.000000 0.008084
8.000000 0.006744
9.000000 0.005338
10.000000 0.004144
11.000000 0.003609
12.000000 0.002776
13.000000 0.002288
14.000000 0.001828
15.000000 0.001485
16.000000 0.001284
17.000000 0.001040
18.000000 0.000837
19.000000 0.000719
20.000000 0.000574
21.000000 0.000534
22.000000 0.000451
23.000000 0.000396
24.000000 0.000349
25.000000 0.000332
26.000000 0.000300
27.000000 0.000274
28.000000 0.000260
29.000000 0.000242
30.000000 0.000235
31.000000 0.000228
32.000000 0.000225
33.000000 0.000209
34.000000 0.000218
35.000000 0.000209
36.000000 0.000209
37.000000 0.000204
38.000000 0.000202
39.000000 0.000202
40.000000 0.000199
41.000000 0.000201
42.000000 0.000200
43.000000 0.000200
44.000000 0.000198
45.000000 0.000199
46.000000 0.000198
47.000000 0.000199
48.000000 0.000198
49.000000 0.000198
50.000000 0.000198
0.000000 0.077983
1.000000 0.066382
2.000000 0.051178
3.000000 0.040333
4.000000 0.033356
5.000000 0.025954
6.000000 0.020782
7.000000 0.015517
8.000000 0.013711
9.000000 0.010560
10.000000 0.008448
11.000000 0.007123
12.000000 0.005614
13.000000 0.004647
14.000000 0.003686
15.000000 0.002969
16.000000 0.002530
17.000000 0.002079
18.000000 0.001693
19.000000 0.001424
20.000000 0.001265
21.000000 0.001122
22.000000 0.000973
23.000000 0.000875
24.000000 0.000752
25.000000 0.000688
26.000000 0.000650
27.000000 0.000599
28.000000 0.000570
29.000000 0.000524
30.000000 0.000495
31.000000 0.000511
32.000000 0.000489
33.000000 0.000481
34.000000 0.000479
35.000000 0.000467
36.000000 0.000452
37.000000 0.000448
38.000000 0.000447
39.000000 0.000444
40.000000 0.000443
41.000000 0.000438
42.000000 0.000436
43.000000 0.000440
44.000000 0.000438
45.000000 0.000439
46.000000 0.000438
47.000000 0.000438
48.000000 0.000437
49.000000 0.000437
50.000000 0.000437
0.000000 0.163706
1.000000 0.131805
2.000000 0.110900
3.000000 0.080304
4.000000 0.068144
5.000000 0.051702
6.000000 0.041591
7.000000 0.032782
8.000000 0.027220
9.000000 0.021449
10.000000 0.017314
11.000000 0.014396
12.000000 0.011249
13.000000 0.008853
14.000000 0.007578
15.000000 0.006003
16.000000 0.005311
17.000000 0.004255
18.000000 0.003428
19.000000 0.003013
20.000000 0.002709
21.000000 0.002357
22.000000 0.002051
23.000000 0.001867
24.000000 0.001714
25.000000 0.001517
26.000000 0.001460
27.000000 0.001349
28.000000 0.001282
29.000000 0.001261
30.000000 0.001212
31.000000 0.001167
32.000000 0.001161
33.000000 0.001119
34.000000 0.001139
35.000000 0.001091
36.000000 0.001078
37.000000 0.001059
38.000000 0.001061
39.000000 0.001069
40.000000 0.001060
41.000000 0.001053
42.000000 0.001046
43.000000 0.001046
44.000000 0.001042
45.000000 0.001039
46.000000 0.001045
47.000000 0.001043
48.000000 0.001044
49.000000 0.001042
50.000000 0.001040
0.000000 0.355099
1.000000 0.289863
2.000000 0.242837
3.000000 0.181897
4.000000 0.140284
5.000000 0.117417
6.000000 0.092418
7.000000 0.073270
8.000000 0.058117
9.000000 0.046908
10.000000 0.038932
11.000000 0.031441
12.000000 0.024488
13.000000 0.019509
14.000000 0.016301
15.000000 0.013369
16.000000 0.011137
17.000000 0.009489
18.000000 0.007760
19.000000 0.006324
20.000000 0.005755
21.000000 0.005209
22.000000 0.004396
23.000000 0.004105
24.000000 0.003708
25.000000 0.003360
26.000000 0.003242
27.000000 0.002974
28.000000 0.002786
29.000000 0.002653
30.000000 0.002649
31.000000 0.002568
32.000000 0.002488
33.000000 0.002445
34.000000 0.002423
35.000000 0.002381
36.000000 0.002359
37.000000 0.002350
38.000000 0.002307
39.000000 0.002314
40.000000 0.002293
41.000000 0.002290
42.000000 0.002286
43.000000 0.002284
44.000000 0.002280
45.000000 0.002280
46.000000 0.002284
47.000000 0.002279
48.000000 0.002275
49.000000 0.002276
50.000000 0.002274
0.000000 0.663628
1.000000 0.536644
2.000000 0.443477
3.000000 0.321754
4.000000 0.275889
5.000000 0.212342
6.000000 0.173553
7.000000 0.138957
8.000000 0.107291
9.000000 0.091508
10.000000 0.074399
11.000000 0.059078
12.000000 0.046811
13.000000 0.039709
14.000000 0.031832
15.000000 0.027821
16.000000 0.024502
17.000000 0.020570
18.000000 0.017103
19.000000 0.015141
20.000000 0.014055
21.000000 0.012496
22.000000 0.011445
23.000000 0.010359
24.000000 0.009593
25.000000 0.009370
26.000000 0.008776
27.000000 0.008483
28.000000 0.008272
29.000000 0.007954
30.000000 0.007857
31.000000 0.007647
32.000000 0.007607
33.000000 0.007377
34.000000 0.007367
35.000000 0.007278
36.000000 0.007327
37.000000 0.007257
38.000000 0.007242
39.000000 0.007195
40.000000 0.007177
41.000000 0.007169
42.000000 0.007162
43.000000 0.007195
44.000000 0.007156
45.000000 0.007123
46.000000 0.007149
47.000000 0.007148
48.000000 0.007124
49.000000 0.007125
50.000000 0.007131
