0.000000 0.182407
1.000000 0.144692
2.000000 0.105540
3.000000 0.066927
4.000000 0.039640
5.000000 0.023220
6.000000 0.011724
7.000000 0.003789
8.000000 0.000668
9.000000 0.000120
10.000000 0.000030
11.000000 0.000000
12.000000 0.000000
13.000000 0.000000
14.000000 0.000000
15.000000 0.000000
16.000000 0.000000
17.000000 0.000000
18.000000 0.000000
19.000000 0.000000
20.000000 0.000000
21.000000 0.000000
22.000000 0.000000
23.000000 0.000000
24.000000 0.000000
25.000000 0.000000
26.000000 0.000000
27.000000 0.000000
28.000000 0.000000
29.000000 0.000000
30.000000 0.000000
31.000000 0.000000
32.000000 0.000000
33.000000 0.000000
34.000000 0.000000
35.000000 0.000000
36.000000 0.000000
37.000000 0.000000
38.000000 0.000000
39.000000 0.000000
40.000000 0.000000
41.000000 0.000000
42.000000 0.000000
43.000000 0.000000
44.000000 0.000000
45.000000 0.000000
46.000000 0.000000
47.000000 0.000000
48.000000 0.000000
49.000000 0.000000
50.000000 0.000000
0.000000 0.183923
1.000000 0.144363
2.000000 0.103666
3.000000 0.068812
4.000000 0.044445
5.000000 0.024755
6.000000 0.010119
7.000000 0.002652
8.000000 0.000568
9.000000 0.000090
10.000000 0.000000
11.000000 0.000000
12.000000 0.000000
13.000000 0.000000
14.000000 0.000000
15.000000 0.000000
16.000000 0.000000
17.000000 0.000000
18.000000 0.000000
19.000000 0.000000
20.000000 0.000000
21.000000 0.000000
22.000000 0.000000
23.000000 0.000000
24.000000 0.000000
25.000000 0.000000
26.000000 0.000000
27.000000 0.000000
28.000000 0.000000
29.000000 0.000000
30.000000 0.000000
31.000000 0.000000
32.000000 0.000000
33.000000 0.000000
34.000000 0.000000
35.000000 0.000000
36.000000 0.000000
37.000000 0.000000
38.000000 0.000000
39.000000 0.000000
40.000000 0.000000
41.000000 0.000000
42.000000 0.000000
43.000000 0.000000
44.000000 0.000000
45.000000 0.000000
46.000000 0.000000
47.000000 0.000000
48.000000 0.000000
49.000000 0.000000
50.000000 0.000000
0.000000 0.186076
1.000000 0.144612
2.000000 0.103068
3.000000 0.068124
4.000000 0.040049
5.000000 0.021295
6.000000 0.011106
7.000000 0.003888
8.000000 0.000917
9.000000 0.000179
10.000000 0.000030
11.000000 0.000000
12.000000 0.000000
13.000000 0.000000
14.000000 0.000000
15.000000 0.000000
16.000000 0.000000
17.000000 0.000000
18.000000 0.000000
19.000000 0.000000
20.000000 0.000000
21.000000 0.000000
22.000000 0.000000
23.000000 0.000000
24.000000 0.000000
25.000000 0.000000
26.000000 0.000000
27.000000 0.000000
28.000000 0.000000
29.000000 0.000000
30.000000 0.000000
31.000000 0.000000
32.000000 0.000000
33.000000 0.000000
34.000000 0.000000
35.000000 0.000000
36.000000 0.000000
37.000000 0.000000
38.000000 0.000000
39.000000 0.000000
40.000000 0.000000
41.000000 0.000000
42.000000 0.000000
43.000000 0.000000
44.000000 0.000000
45.000000 0.000000
46.000000 0.000000
47.000000 0.000000
48.000000 0.000000
49.000000 0.000000
50.000000 0.000000
0.000000 0.184670
1.000000 0.147663
2.000000 0.102808
3.000000 0.073248
4.000000 0.042531
5.000000 0.021874
6.000000 0.009551
7.000000 0.003868
8.000000 0.001316
9.000000 0.000359
10.000000 0.000110
11.000000 0.000070
12.000000 0.000000
13.000000 0.000000
14.000000 0.000000
15.000000 0.000000
16.000000 0.000000
17.000000 0.000000
18.000000 0.000000
19.000000 0.000000
20.000000 0.000000
21.000000 0.000000
22.000000 0.000000
23.000000 0.000000
24.000000 0.000000
25.000000 0.000000
26.000000 0.000000
27.000000 0.000000
28.000000 0.000000
29.000000 0.000000
30.000000 0.000000
31.000000 0.000000
32.000000 0.000000
33.000000 0.000000
34.000000 0.000000
35.000000 0.000000
36.000000 0.000000
37.000000 0.000000
38.000000 0.000000
39.000000 0.000000
40.000000 0.000000
41.000000 0.000000
42.000000 0.000000
43.000000 0.000000
44.000000 0.000000
45.000000 0.000000
46.000000 0.000000
47.000000 0.000000
48.000000 0.000000
49.000000 0.000000
50.000000 0.000000
0.000000 0.193264
1.000000 0.154253
2.000000 0.107803
3.000000 0.067924
4.000000 0.045422
5.000000 0.024356
6.000000 0.012721
7.000000 0.006590
8.000000 0.002831
9.000000 0.002413
10.000000 0.001745
11.000000 0.000977
12.000000 0.001087
13.000000 0.000489
14.000000 0.000130
15.000000 0.000239
16.000000 0.000209
17.000000 0.000000
18.000000 0.000020
19.000000 0.000000
20.000000 0.000000
21.000000 0.000000
22.000000 0.000000
23.000000 0.000000
24.000000 0.000000
25.000000 0.000000
26.000000 0.000000
27.000000 0.000000
28.000000 0.000000
29.000000 0.000000
30.000000 0.000000
31.000000 0.000000
32.000000 0.000000
33.000000 0.000000
34.000000 0.000000
35.000000 0.000000
36.000000 0.000000
37.000000 0.000000
38.000000 0.000000
39.000000 0.000000
40.000000 0.000000
41.000000 0.000000
42.000000 0.000000
43.000000 0.000000
44.000000 0.000000
45.000000 0.000000
46.000000 0.000000
47.000000 0.000000
48.000000 0.000000
49.000000 0.000000
50.000000 0.000000
0.000000 0.190842
1.000000 0.160384
2.000000 0.115530
3.000000 0.082051
4.000000 0.053947
5.000000 0.033279
6.000000 0.018813
7.000000 0.010598
8.000000 0.006620
9.000000 0.006042
10.000000 0.006271
11.000000 0.004676
12.000000 0.004038
13.000000 0.004207
14.000000 0.002552
15.000000 0.003041
16.000000 0.002991
17.000000 0.002582
18.000000 0.001535
19.000000 0.000957
20.000000 0.000867
21.000000 0.000798
22.000000 0.000419
23.000000 0.000150
24.000000 0.000010
25.000000 0.000070
26.000000 0.000000
27.000000 0.000010
28.000000 0.000000
29.000000 0.000000
30.000000 0.000000
31.000000 0.000000
32.000000 0.000000
33.000000 0.000000
34.000000 0.000000
35.000000 0.000000
36.000000 0.000000
37.000000 0.000000
38.000000 0.000000
39.000000 0.000000
40.000000 0.000000
41.000000 0.000000
42.000000 0.000000
43.000000 0.000000
44.000000 0.000000
45.000000 0.000000
46.000000 0.000000
47.000000 0.000000
48.000000 0.000000
49.000000 0.000000
50.000000 0.000000
0.000000 0.335992
1.000000 0.287459
2.000000 0.246194
3.000000 0.183125
4.000000 0.145738
5.000000 0.094344
6.000000 0.061284
7.000000 0.037516
8.000000 0.022990
9.000000 0.018644
10.000000 0.013848
11.000000 0.013360
12.000000 0.013200
13.000000 0.012034
14.000000 0.012462
15.000000 0.011565
16.000000 0.011136
17.000000 0.010269
18.000000 0.010149
19.000000 0.010857
20.000000 0.008454
21.000000 0.008654
22.000000 0.007487
23.000000 0.007338
24.000000 0.006650
25.000000 0.006042
26.000000 0.006092
27.000000 0.002811
28.000000 0.003918
29.000000 0.002682
30.000000 0.002443
31.000000 0.001186
32.000000 0.000768
33.000000 0.000498
34.000000 0.000120
35.000000 0.000459
36.000000 0.000020
37.000000 0.000000
38.000000 0.000010
39.000000 0.000000
40.000000 0.000000
41.000000 0.000000
42.000000 0.000000
43.000000 0.000000
44.000000 0.000000
45.000000 0.000000
46.000000 0.000000
47.000000 0.000000
48.000000 0.000000
49.000000 0.000000
50.000000 0.000000
