0.000000 0.079210
1.000000 0.059500
2.000000 0.038703
3.000000 0.023519
4.000000 0.012632
5.000000 0.006201
6.000000 0.002762
7.000000 0.000907
8.000000 0.000279
9.000000 0.000040
10.000000 0.000000
11.000000 0.000000
12.000000 0.000000
13.000000 0.000000
14.000000 0.000000
15.000000 0.000000
16.000000 0.000000
17.000000 0.000000
18.000000 0.000000
19.000000 0.000000
20.000000 0.000000
21.000000 0.000000
22.000000 0.000000
23.000000 0.000000
24.000000 0.000000
25.000000 0.000000
26.000000 0.000000
27.000000 0.000000
28.000000 0.000000
29.000000 0.000000
30.000000 0.000000
31.000000 0.000000
32.000000 0.000000
33.000000 0.000000
34.000000 0.000000
35.000000 0.000000
36.000000 0.000000
37.000000 0.000000
38.000000 0.000000
39.000000 0.000000
40.000000 0.000000
41.000000 0.000000
42.000000 0.000000
43.000000 0.000000
44.000000 0.000000
45.000000 0.000000
46.000000 0.000000
47.000000 0.000000
48.000000 0.000000
49.000000 0.000000
50.000000 0.000000
0.000000 0.079529
1.000000 0.058253
2.000000 0.039321
3.000000 0.023120
4.000000 0.012861
5.000000 0.006052
6.000000 0.002542
7.000000 0.000698
8.000000 0.000279
9.000000 0.000020
10.000000 0.000000
11.000000 0.000000
12.000000 0.000000
13.000000 0.000000
14.000000 0.000000
15.000000 0.000000
16.000000 0.000000
17.000000 0.000000
18.000000 0.000000
19.000000 0.000000
20.000000 0.000000
21.000000 0.000000
22.000000 0.000000
23.000000 0.000000
24.000000 0.000000
25.000000 0.000000
26.000000 0.000000
27.000000 0.000000
28.000000 0.000000
29.000000 0.000000
30.000000 0.000000
31.000000 0.000000
32.000000 0.000000
33.000000 0.000000
34.000000 0.000000
35.000000 0.000000
36.000000 0.000000
37.000000 0.000000
38.000000 0.000000
39.000000 0.000000
40.000000 0.000000
41.000000 0.000000
42.000000 0.000000
43.000000 0.000000
44.000000 0.000000
45.000000 0.000000
46.000000 0.000000
47.000000 0.000000
48.000000 0.000000
49.000000 0.000000
50.000000 0.000000
0.000000 0.081034
1.000000 0.058981
2.000000 0.038862
3.000000 0.023848
4.000000 0.013649
5.000000 0.006042
6.000000 0.002951
7.000000 0.000957
8.000000 0.000359
9.000000 0.000030
10.000000 0.000000
11.000000 0.000000
12.000000 0.000000
13.000000 0.000000
14.000000 0.000000
15.000000 0.000000
16.000000 0.000000
17.000000 0.000000
18.000000 0.000000
19.000000 0.000000
20.000000 0.000000
21.000000 0.000000
22.000000 0.000000
23.000000 0.000000
24.000000 0.000000
25.000000 0.000000
26.000000 0.000000
27.000000 0.000000
28.000000 0.000000
29.000000 0.000000
30.000000 0.000000
31.000000 0.000000
32.000000 0.000000
33.000000 0.000000
34.000000 0.000000
35.000000 0.000000
36.000000 0.000000
37.000000 0.000000
38.000000 0.000000
39.000000 0.000000
40.000000 0.000000
41.000000 0.000000
42.000000 0.000000
43.000000 0.000000
44.000000 0.000000
45.000000 0.000000
46.000000 0.000000
47.000000 0.000000
48.000000 0.000000
49.000000 0.000000
50.000000 0.000000
0.000000 0.081523
1.000000 0.060018
2.000000 0.039909
3.000000 0.024306
4.000000 0.013978
5.000000 0.006799
6.000000 0.003669
7.000000 0.002153
8.000000 0.001047
9.000000 0.000887
10.000000 0.001176
11.000000 0.001127
12.000000 0.001027
13.000000 0.000947
14.000000 0.000827
15.000000 0.000847
16.000000 0.001017
17.000000 0.000917
18.000000 0.001037
19.000000 0.000877
20.000000 0.000798
21.000000 0.000877
22.000000 0.000818
23.000000 0.000927
24.000000 0.000907
25.000000 0.000867
26.000000 0.000937
27.000000 0.000907
28.000000 0.000897
29.000000 0.000977
30.000000 0.000957
31.000000 0.000957
32.000000 0.000967
33.000000 0.000977
34.000000 0.000967
35.000000 0.000977
36.000000 0.000977
37.000000 0.000977
38.000000 0.000967
39.000000 0.000977
40.000000 0.000977
41.000000 0.000977
42.000000 0.000977
43.000000 0.000977
44.000000 0.000977
45.000000 0.000977
46.000000 0.000977
47.000000 0.000977
48.000000 0.000977
49.000000 0.000977
50.000000 0.000977
0.000000 0.088253
1.000000 0.065551
2.000000 0.043897
3.000000 0.028294
4.000000 0.017158
5.000000 0.009701
6.000000 0.005832
7.000000 0.004466
8.000000 0.003589
9.000000 0.003330
10.000000 0.003330
11.000000 0.003300
12.000000 0.003320
13.000000 0.003430
14.000000 0.003180
15.000000 0.003270
16.000000 0.003599
17.000000 0.003559
18.000000 0.003430
19.000000 0.003719
20.000000 0.003719
21.000000 0.003739
22.000000 0.004018
23.000000 0.004177
24.000000 0.004227
25.000000 0.004536
26.000000 0.004317
27.000000 0.004456
28.000000 0.004576
29.000000 0.004815
30.000000 0.004835
31.000000 0.004875
32.000000 0.005075
33.000000 0.005124
34.000000 0.005115
35.000000 0.005264
36.000000 0.005214
37.000000 0.005144
38.000000 0.005085
39.000000 0.005204
40.000000 0.005204
41.000000 0.005174
42.000000 0.005254
43.000000 0.005224
44.000000 0.005244
45.000000 0.005294
46.000000 0.005234
47.000000 0.005274
48.000000 0.005294
49.000000 0.005294
50.000000 0.005334
0.000000 0.180403
1.000000 0.140724
2.000000 0.105520
3.000000 0.075421
4.000000 0.049011
5.000000 0.029750
6.000000 0.019501
7.000000 0.013190
8.000000 0.009571
9.000000 0.008474
10.000000 0.007846
11.000000 0.007776
12.000000 0.007896
13.000000 0.007866
14.000000 0.007537
15.000000 0.007597
16.000000 0.007607
17.000000 0.007717
18.000000 0.007826
19.000000 0.007936
20.000000 0.008066
21.000000 0.008076
22.000000 0.008514
23.000000 0.008833
24.000000 0.009152
25.000000 0.009242
26.000000 0.009471
27.000000 0.009362
28.000000 0.009770
29.000000 0.010249
30.000000 0.010269
31.000000 0.010688
32.000000 0.011116
33.000000 0.011495
34.000000 0.011625
35.000000 0.011854
36.000000 0.011754
37.000000 0.012123
38.000000 0.012283
39.000000 0.012223
40.000000 0.012442
41.000000 0.012363
42.000000 0.012482
43.000000 0.012552
44.000000 0.012662
45.000000 0.012692
46.000000 0.012642
47.000000 0.012672
48.000000 0.012682
49.000000 0.012702
50.000000 0.012702
0.000000 0.492976
1.000000 0.490893
2.000000 0.490075
3.000000 0.487742
4.000000 0.487971
5.000000 0.485329
6.000000 0.478889
7.000000 0.477523
8.000000 0.475539
9.000000 0.471162
10.000000 0.465649
11.000000 0.461312
12.000000 0.454872
13.000000 0.447654
14.000000 0.445231
15.000000 0.435800
16.000000 0.425939
17.000000 0.415571
18.000000 0.408532
19.000000 0.395731
20.000000 0.387825
21.000000 0.372033
22.000000 0.355094
23.000000 0.338594
24.000000 0.317618
25.000000 0.298276
26.000000 0.278576
27.000000 0.255486
28.000000 0.231439
29.000000 0.203314
30.000000 0.177203
31.000000 0.151092
32.000000 0.125619
33.000000 0.101762
34.000000 0.081184
35.000000 0.062251
36.000000 0.045721
37.000000 0.034894
38.000000 0.026918
39.000000 0.021515
40.000000 0.018992
41.000000 0.017088
42.000000 0.015633
43.000000 0.015194
44.000000 0.014656
45.000000 0.015034
46.000000 0.014077
47.000000 0.014177
48.000000 0.013918
49.000000 0.013718
50.000000 0.013778
