0.000000 0.010693
1.000000 0.008470
2.000000 0.006834
3.000000 0.005427
4.000000 0.003981
5.000000 0.003168
6.000000 0.002364
7.000000 0.001844
8.000000 0.001450
9.000000 0.001011
10.000000 0.000740
11.000000 0.000568
12.000000 0.000404
13.000000 0.000314
14.000000 0.000221
15.000000 0.000171
16.000000 0.000140
17.000000 0.000113
18.000000 0.000092
19.000000 0.000079
20.000000 0.000070
21.000000 0.000059
22.000000 0.000047
23.000000 0.000037
24.000000 0.000038
25.000000 0.000034
26.000000 0.000031
27.000000 0.000029
28.000000 0.000027
29.000000 0.000024
30.000000 0.000025
31.000000 0.000024
32.000000 0.000023
33.000000 0.000021
34.000000 0.000021
35.000000 0.000021
36.000000 0.000021
37.000000 0.000022
38.000000 0.000022
39.000000 0.000023
40.000000 0.000023
41.000000 0.000023
42.000000 0.000023
43.000000 0.000021
44.000000 0.000023
45.000000 0.000022
46.000000 0.000024
47.000000 0.000024
48.000000 0.000022
49.000000 0.000024
50.000000 0.000025
0.000000 0.020864
1.000000 0.017358
2.000000 0.014081
3.000000 0.011084
4.000000 0.008359
5.000000 0.006890
6.000000 0.005202
7.000000 0.004222
8.000000 0.003573
9.000000 0.002596
10.000000 0.002304
11.000000 0.001800
12.000000 0.001449
13.000000 0.001168
14.000000 0.000910
15.000000 0.000749
16.000000 0.000605
17.000000 0.000487
18.000000 0.000405
19.000000 0.000338
20.000000 0.000283
21.000000 0.000236
22.000000 0.000200
23.000000 0.000170
24.000000 0.000152
25.000000 0.000138
26.000000 0.000120
27.000000 0.000112
28.000000 0.000102
29.000000 0.000096
30.000000 0.000092
31.000000 0.000088
32.000000 0.000083
33.000000 0.000081
34.000000 0.000080
35.000000 0.000076
36.000000 0.000075
37.000000 0.000075
38.000000 0.000073
39.000000 0.000073
40.000000 0.000073
41.000000 0.000072
42.000000 0.000072
43.000000 0.000072
44.000000 0.000072
45.000000 0.000071
46.000000 0.000071
47.000000 0.000071
48.000000 0.000072
49.000000 0.000071
50.000000 0.000072
0.000000 0.041006
1.000000 0.033787
2.000000 0.027030
3.000000 0.020914
4.000000 0.016694
5.000000 0.013700
6.000000 0.011199
7.000000 0.008311
8.000000 0.006951
9.000000 0.005486
10.000000 0.004274
11.000000 0.003713
12.000000 0.002852
13.000000 0.002345
14.000000 0.001872
15.000000 0.001518
16.000000 0.001307
17.000000 0.001042
18.000000 0.000845
19.000000 0.000725
20.000000 0.000578
21.000000 0.000529
22.000000 0.000443
23.000000 0.000389
24.000000 0.000340
25.000000 0.000321
26.000000 0.000289
27.000000 0.000263
28.000000 0.000247
29.000000 0.000231
30.000000 0.000224
31.000000 0.000215
32.000000 0.000212
33.000000 0.000197
34.000000 0.000203
35.000000 0.000196
36.000000 0.000196
37.000000 0.000190
38.000000 0.000189
39.000000 0.000188
40.000000 0.000186
41.000000 0.000188
42.000000 0.000186
43.000000 0.000186
44.000000 0.000185
45.000000 0.000186
46.000000 0.000185
47.000000 0.000185
48.000000 0.000185
49.000000 0.000184
50.000000 0.000184
0.000000 0.080834
1.000000 0.068710
2.000000 0.053196
3.000000 0.041652
4.000000 0.034473
5.000000 0.026904
6.000000 0.021461
7.000000 0.015938
8.000000 0.014093
9.000000 0.010860
10.000000 0.008706
11.000000 0.007295
12.000000 0.005765
13.000000 0.004739
14.000000 0.003745
15.000000 0.003007
16.000000 0.002558
17.000000 0.002053
18.000000 0.001664
19.000000 0.001389
20.000000 0.001242
21.000000 0.001087
22.000000 0.000918
23.000000 0.000815
24.000000 0.000682
25.000000 0.000632
26.000000 0.000589
27.000000 0.000543
28.000000 0.000505
29.000000 0.000457
30.000000 0.000430
31.000000 0.000444
32.000000 0.000422
33.000000 0.000412
34.000000 0.000408
35.000000 0.000396
36.000000 0.000383
37.000000 0.000379
38.000000 0.000379
39.000000 0.000375
40.000000 0.000373
41.000000 0.000371
42.000000 0.000369
43.000000 0.000370
44.000000 0.000370
45.000000 0.000370
46.000000 0.000369
47.000000 0.000369
48.000000 0.000368
49.000000 0.000368
50.000000 0.000368
0.000000 0.169182
1.000000 0.135615
2.000000 0.114360
3.000000 0.082626
4.000000 0.070138
5.000000 0.053034
6.000000 0.042657
7.000000 0.033645
8.000000 0.027849
9.000000 0.021773
10.000000 0.017679
11.000000 0.014607
12.000000 0.011270
13.000000 0.008833
14.000000 0.007532
15.000000 0.005908
16.000000 0.005216
17.000000 0.004035
18.000000 0.003239
19.000000 0.002802
20.000000 0.002443
21.000000 0.002116
22.000000 0.001792
23.000000 0.001590
24.000000 0.001451
25.000000 0.001269
26.000000 0.001192
27.000000 0.001071
28.000000 0.001017
29.000000 0.000981
30.000000 0.000924
31.000000 0.000896
32.000000 0.000876
33.000000 0.000833
34.000000 0.000841
35.000000 0.000811
36.000000 0.000798
37.000000 0.000777
38.000000 0.000780
39.000000 0.000787
40.000000 0.000775
41.000000 0.000770
42.000000 0.000766
43.000000 0.000759
44.000000 0.000760
45.000000 0.000758
46.000000 0.000763
47.000000 0.000760
48.000000 0.000762
49.000000 0.000760
50.000000 0.000758
0.000000 0.339988
1.000000 0.277178
2.000000 0.232778
3.000000 0.173661
4.000000 0.134062
5.000000 0.111823
6.000000 0.087498
7.000000 0.069494
8.000000 0.054808
9.000000 0.044246
10.000000 0.036479
11.000000 0.029256
12.000000 0.022620
13.000000 0.017809
14.000000 0.014640
15.000000 0.011712
16.000000 0.009625
17.000000 0.007963
18.000000 0.006319
19.000000 0.005238
20.000000 0.004674
21.000000 0.003884
22.000000 0.003230
23.000000 0.002866
24.000000 0.002579
25.000000 0.002177
26.000000 0.002109
27.000000 0.001848
28.000000 0.001707
29.000000 0.001574
30.000000 0.001505
31.000000 0.001457
32.000000 0.001381
33.000000 0.001319
34.000000 0.001315
35.000000 0.001271
36.000000 0.001250
37.000000 0.001236
38.000000 0.001209
39.000000 0.001195
40.000000 0.001196
41.000000 0.001184
42.000000 0.001185
43.000000 0.001181
44.000000 0.001180
45.000000 0.001172
46.000000 0.001172
47.000000 0.001175
48.000000 0.001168
49.000000 0.001171
50.000000 0.001167
0.000000 0.680767
1.000000 0.549477
2.000000 0.449955
3.000000 0.328440
4.000000 0.280780
5.000000 0.213913
6.000000 0.174806
7.000000 0.137758
8.000000 0.105274
9.000000 0.089194
10.000000 0.071243
11.000000 0.056052
12.000000 0.043470
13.000000 0.036090
14.000000 0.028209
15.000000 0.023560
16.000000 0.020007
17.000000 0.016150
18.000000 0.012793
19.000000 0.010775
20.000000 0.009497
21.000000 0.007885
22.000000 0.006738
23.000000 0.005615
24.000000 0.005063
25.000000 0.004662
26.000000 0.004033
27.000000 0.003783
28.000000 0.003554
29.000000 0.003235
30.000000 0.003004
31.000000 0.002895
32.000000 0.002844
33.000000 0.002639
34.000000 0.002600
35.000000 0.002557
36.000000 0.002571
37.000000 0.002485
38.000000 0.002506
39.000000 0.002451
40.000000 0.002427
41.000000 0.002424
42.000000 0.002393
43.000000 0.002419
44.000000 0.002398
45.000000 0.002367
46.000000 0.002400
47.000000 0.002378
48.000000 0.002376
49.000000 0.002369
50.000000 0.002376
