0.000000 0.000506
1.000000 0.000404
2.000000 0.000321
3.000000 0.000254
4.000000 0.000202
5.000000 0.000159
6.000000 0.000127
7.000000 0.000101
8.000000 0.000081
9.000000 0.000064
10.000000 0.000051
11.000000 0.000041
12.000000 0.000032
13.000000 0.000026
14.000000 0.000021
15.000000 0.000016
16.000000 0.000013
17.000000 0.000010
18.000000 0.000008
19.000000 0.000007
20.000000 0.000005
21.000000 0.000004
22.000000 0.000004
23.000000 0.000003
24.000000 0.000002
25.000000 0.000002
26.000000 0.000002
27.000000 0.000001
28.000000 0.000001
29.000000 0.000001
30.000000 0.000001
31.000000 0.000001
32.000000 0.000001
33.000000 0.000001
34.000000 0.000001
35.000000 0.000001
36.000000 0.000000
37.000000 0.000000
38.000000 0.000000
39.000000 0.000000
40.000000 0.000000
41.000000 0.000000
42.000000 0.000000
43.000000 0.000000
44.000000 0.000000
45.000000 0.000000
46.000000 0.000000
47.000000 0.000000
48.000000 0.000000
49.000000 0.000000
50.000000 0.000000
0.000000 0.000380
1.000000 0.000304
2.000000 0.000242
3.000000 0.000192
4.000000 0.000153
5.000000 0.000121
6.000000 0.000096
7.000000 0.000077
8.000000 0.000061
9.000000 0.000048
10.000000 0.000039
11.000000 0.000031
12.000000 0.000025
13.000000 0.000020
14.000000 0.000016
15.000000 0.000013
16.000000 0.000010
17.000000 0.000008
18.000000 0.000007
19.000000 0.000005
20.000000 0.000004
21.000000 0.000004
22.000000 0.000003
23.000000 0.000003
24.000000 0.000002
25.000000 0.000002
26.000000 0.000002
27.000000 0.000001
28.000000 0.000001
29.000000 0.000001
30.000000 0.000001
31.000000 0.000001
32.000000 0.000001
33.000000 0.000001
34.000000 0.000001
35.000000 0.000001
36.000000 0.000001
37.000000 0.000001
38.000000 0.000001
39.000000 0.000001
40.000000 0.000001
41.000000 0.000001
42.000000 0.000001
43.000000 0.000001
44.000000 0.000001
45.000000 0.000001
46.000000 0.000001
47.000000 0.000001
48.000000 0.000001
49.000000 0.000001
50.000000 0.000001
0.000000 0.000348
1.000000 0.000280
2.000000 0.000224
3.000000 0.000177
4.000000 0.000142
5.000000 0.000112
6.000000 0.000089
7.000000 0.000071
8.000000 0.000056
9.000000 0.000045
10.000000 0.000036
11.000000 0.000028
12.000000 0.000023
13.000000 0.000018
14.000000 0.000015
15.000000 0.000012
16.000000 0.000010
17.000000 0.000008
18.000000 0.000006
19.000000 0.000005
20.000000 0.000004
21.000000 0.000004
22.000000 0.000003
23.000000 0.000002
24.000000 0.000002
25.000000 0.000002
26.000000 0.000002
27.000000 0.000001
28.000000 0.000001
29.000000 0.000001
30.000000 0.000001
31.000000 0.000001
32.000000 0.000001
33.000000 0.000001
34.000000 0.000001
35.000000 0.000001
36.000000 0.000001
37.000000 0.000001
38.000000 0.000001
39.000000 0.000001
40.000000 0.000001
41.000000 0.000001
42.000000 0.000001
43.000000 0.000001
44.000000 0.000001
45.000000 0.000001
46.000000 0.000001
47.000000 0.000001
48.000000 0.000001
49.000000 0.000001
50.000000 0.000001
0.000000 0.000352
1.000000 0.000293
2.000000 0.000230
3.000000 0.000188
4.000000 0.000148
5.000000 0.000115
6.000000 0.000092
7.000000 0.000073
8.000000 0.000057
9.000000 0.000046
10.000000 0.000037
11.000000 0.000029
12.000000 0.000024
13.000000 0.000019
14.000000 0.000015
15.000000 0.000012
16.000000 0.000010
17.000000 0.000008
18.000000 0.000007
19.000000 0.000006
20.000000 0.000005
21.000000 0.000004
22.000000 0.000003
23.000000 0.000003
24.000000 0.000003
25.000000 0.000002
26.000000 0.000002
27.000000 0.000002
28.000000 0.000002
29.000000 0.000002
30.000000 0.000001
31.000000 0.000001
32.000000 0.000001
33.000000 0.000001
34.000000 0.000001
35.000000 0.000001
36.000000 0.000001
37.000000 0.000001
38.000000 0.000001
39.000000 0.000001
40.000000 0.000001
41.000000 0.000001
42.000000 0.000001
43.000000 0.000001
44.000000 0.000001
45.000000 0.000001
46.000000 0.000001
47.000000 0.000001
48.000000 0.000001
49.000000 0.000001
50.000000 0.000001
0.000000 0.000428
1.000000 0.000406
2.000000 0.000277
3.000000 0.000243
4.000000 0.000215
5.000000 0.000152
6.000000 0.000113
7.000000 0.000122
8.000000 0.000085
9.000000 0.000068
10.000000 0.000057
11.000000 0.000046
12.000000 0.000039
13.000000 0.000035
14.000000 0.000026
15.000000 0.000024
16.000000 0.000022
17.000000 0.000017
18.000000 0.000015
19.000000 0.000014
20.000000 0.000011
21.000000 0.000012
22.000000 0.000012
23.000000 0.000011
24.000000 0.000011
25.000000 0.000010
26.000000 0.000010
27.000000 0.000010
28.000000 0.000009
29.000000 0.000009
30.000000 0.000009
31.000000 0.000010
32.000000 0.000009
33.000000 0.000009
34.000000 0.000009
35.000000 0.000009
36.000000 0.000009
37.000000 0.000009
38.000000 0.000009
39.000000 0.000009
40.000000 0.000009
41.000000 0.000009
42.000000 0.000009
43.000000 0.000009
44.000000 0.000009
45.000000 0.000009
46.000000 0.000009
47.000000 0.000009
48.000000 0.000009
49.000000 0.000009
50.000000 0.000009
0.000000 0.001461
1.000000 0.001345
2.000000 0.001101
3.000000 0.001083
4.000000 0.000658
5.000000 0.000682
6.000000 0.000432
7.000000 0.000440
8.000000 0.000393
9.000000 0.000424
10.000000 0.000346
11.000000 0.000308
12.000000 0.000232
13.000000 0.000264
14.000000 0.000280
15.000000 0.000202
16.000000 0.000203
17.000000 0.000240
18.000000 0.000223
19.000000 0.000217
20.000000 0.000194
21.000000 0.000194
22.000000 0.000198
23.000000 0.000198
24.000000 0.000197
25.000000 0.000187
26.000000 0.000195
27.000000 0.000184
28.000000 0.000197
29.000000 0.000187
30.000000 0.000189
31.000000 0.000192
32.000000 0.000189
33.000000 0.000189
34.000000 0.000193
35.000000 0.000183
36.000000 0.000184
37.000000 0.000187
38.000000 0.000191
39.000000 0.000186
40.000000 0.000185
41.000000 0.000186
42.000000 0.000188
43.000000 0.000188
44.000000 0.000187
45.000000 0.000188
46.000000 0.000188
47.000000 0.000187
48.000000 0.000187
49.000000 0.000187
50.000000 0.000187
0.000000 0.008115
1.000000 0.009030
2.000000 0.008408
3.000000 0.006534
4.000000 0.007676
5.000000 0.004966
6.000000 0.005224
7.000000 0.006032
8.000000 0.005308
9.000000 0.003537
10.000000 0.003611
11.000000 0.003471
12.000000 0.003290
13.000000 0.003351
14.000000 0.003393
15.000000 0.003169
16.000000 0.003008
17.000000 0.003490
18.000000 0.003131
19.000000 0.003042
20.000000 0.003321
21.000000 0.003199
22.000000 0.003151
23.000000 0.002989
24.000000 0.003141
25.000000 0.002916
26.000000 0.003119
27.000000 0.003011
28.000000 0.003118
29.000000 0.003018
30.000000 0.003128
31.000000 0.003095
32.000000 0.002995
33.000000 0.003114
34.000000 0.003059
35.000000 0.003004
36.000000 0.003076
37.000000 0.003110
38.000000 0.003086
39.000000 0.003082
40.000000 0.003071
41.000000 0.003076
42.000000 0.003069
43.000000 0.003074
44.000000 0.003074
45.000000 0.003075
46.000000 0.003057
47.000000 0.003082
48.000000 0.003071
49.000000 0.003081
50.000000 0.003068
