0.000000 1.035254
1.000000 0.827608
2.000000 0.656150
3.000000 0.519595
4.000000 0.413890
5.000000 0.325796
6.000000 0.259631
7.000000 0.206750
8.000000 0.164194
9.000000 0.130484
10.000000 0.103826
11.000000 0.082237
12.000000 0.065307
13.000000 0.051818
14.000000 0.041407
15.000000 0.032693
16.000000 0.026012
17.000000 0.020644
18.000000 0.016434
19.000000 0.013057
20.000000 0.010329
21.000000 0.008249
22.000000 0.006552
23.000000 0.005166
24.000000 0.004113
25.000000 0.003283
26.000000 0.002608
27.000000 0.002070
28.000000 0.001649
29.000000 0.001309
30.000000 0.001041
31.000000 0.000822
32.000000 0.000653
33.000000 0.000521
34.000000 0.000415
35.000000 0.000330
36.000000 0.000264
37.000000 0.000210
38.000000 0.000168
39.000000 0.000135
40.000000 0.000108
41.000000 0.000086
42.000000 0.000070
43.000000 0.000056
44.000000 0.000046
45.000000 0.000038
46.000000 0.000032
47.000000 0.000026
48.000000 0.000022
49.000000 0.000019
50.000000 0.000017
0.000000 0.777657
1.000000 0.622020
2.000000 0.494291
3.000000 0.392557
4.000000 0.311493
5.000000 0.246720
6.000000 0.195521
7.000000 0.155942
8.000000 0.123339
9.000000 0.098099
10.000000 0.078457
11.000000 0.062066
12.000000 0.049215
13.000000 0.039330
14.000000 0.031216
15.000000 0.024764
16.000000 0.019840
17.000000 0.015717
18.000000 0.012548
19.000000 0.010029
20.000000 0.007998
21.000000 0.006430
22.000000 0.005162
23.000000 0.004110
24.000000 0.003335
25.000000 0.002678
26.000000 0.002188
27.000000 0.001788
28.000000 0.001467
29.000000 0.001216
30.000000 0.001013
31.000000 0.000846
32.000000 0.000720
33.000000 0.000623
34.000000 0.000541
35.000000 0.000479
36.000000 0.000431
37.000000 0.000390
38.000000 0.000356
39.000000 0.000333
40.000000 0.000312
41.000000 0.000297
42.000000 0.000283
43.000000 0.000275
44.000000 0.000266
45.000000 0.000261
46.000000 0.000255
47.000000 0.000252
48.000000 0.000248
49.000000 0.000246
50.000000 0.000244
0.000000 0.712174
1.000000 0.572692
2.000000 0.457629
3.000000 0.362078
4.000000 0.290386
5.000000 0.228826
6.000000 0.180939
7.000000 0.144403
8.000000 0.113990
9.000000 0.091038
10.000000 0.072127
11.000000 0.057137
12.000000 0.045444
13.000000 0.036476
14.000000 0.028957
15.000000 0.022836
16.000000 0.018681
17.000000 0.014448
18.000000 0.011579
19.000000 0.009358
20.000000 0.007448
21.000000 0.005993
22.000000 0.004835
23.000000 0.003884
24.000000 0.003144
25.000000 0.002527
26.000000 0.002111
27.000000 0.001704
28.000000 0.001418
29.000000 0.001182
30.000000 0.001005
31.000000 0.000847
32.000000 0.000722
33.000000 0.000635
34.000000 0.000564
35.000000 0.000505
36.000000 0.000448
37.000000 0.000418
38.000000 0.000388
39.000000 0.000367
40.000000 0.000348
41.000000 0.000336
42.000000 0.000325
43.000000 0.000313
44.000000 0.000305
45.000000 0.000300
46.000000 0.000297
47.000000 0.000292
48.000000 0.000289
49.000000 0.000288
50.000000 0.000286
0.000000 0.720177
1.000000 0.599105
2.000000 0.469167
3.000000 0.384487
4.000000 0.302531
5.000000 0.235397
6.000000 0.186523
7.000000 0.147827
8.000000 0.116676
9.000000 0.093357
10.000000 0.074499
11.000000 0.059147
12.000000 0.048182
13.000000 0.037558
14.000000 0.030235
15.000000 0.023358
16.000000 0.019765
17.000000 0.015642
18.000000 0.012645
19.000000 0.010979
20.000000 0.008666
21.000000 0.007033
22.000000 0.005731
23.000000 0.005126
24.000000 0.004204
25.000000 0.003539
26.000000 0.003074
27.000000 0.002858
28.000000 0.002292
29.000000 0.002079
30.000000 0.001828
31.000000 0.001703
32.000000 0.001668
33.000000 0.001610
34.000000 0.001480
35.000000 0.001451
36.000000 0.001432
37.000000 0.001338
38.000000 0.001328
39.000000 0.001261
40.000000 0.001316
41.000000 0.001258
42.000000 0.001241
43.000000 0.001249
44.000000 0.001228
45.000000 0.001230
46.000000 0.001204
47.000000 0.001206
48.000000 0.001198
49.000000 0.001209
50.000000 0.001186
0.000000 0.874980
1.000000 0.830041
2.000000 0.567649
3.000000 0.497536
4.000000 0.438871
5.000000 0.310940
6.000000 0.230759
7.000000 0.249437
8.000000 0.172034
9.000000 0.138943
10.000000 0.116207
11.000000 0.094054
12.000000 0.078756
13.000000 0.071065
14.000000 0.052538
15.000000 0.047676
16.000000 0.044653
17.000000 0.032802
18.000000 0.029382
19.000000 0.026504
20.000000 0.021484
21.000000 0.023302
22.000000 0.023279
23.000000 0.021942
24.000000 0.021801
25.000000 0.019971
26.000000 0.019362
27.000000 0.019792
28.000000 0.016414
29.000000 0.017914
30.000000 0.017101
31.000000 0.018571
32.000000 0.017026
33.000000 0.017283
34.000000 0.016641
35.000000 0.017164
36.000000 0.016960
37.000000 0.017042
38.000000 0.017355
39.000000 0.017048
40.000000 0.017180
41.000000 0.016697
42.000000 0.017186
43.000000 0.017110
44.000000 0.016859
45.000000 0.017019
46.000000 0.016897
47.000000 0.017016
48.000000 0.017029
49.000000 0.016809
50.000000 0.016906
0.000000 2.993399
1.000000 2.754323
2.000000 2.255652
3.000000 2.218485
4.000000 1.346477
5.000000 1.395452
6.000000 0.884494
7.000000 0.900264
8.000000 0.803509
9.000000 0.868091
10.000000 0.708431
11.000000 0.629064
12.000000 0.475173
13.000000 0.540710
14.000000 0.571952
15.000000 0.413536
16.000000 0.415153
17.000000 0.491136
18.000000 0.455051
19.000000 0.443438
20.000000 0.396127
21.000000 0.396754
22.000000 0.405074
23.000000 0.405351
24.000000 0.402610
25.000000 0.381877
26.000000 0.397679
27.000000 0.376488
28.000000 0.402309
29.000000 0.382332
30.000000 0.386229
31.000000 0.392788
32.000000 0.385939
33.000000 0.386579
34.000000 0.394282
35.000000 0.373907
36.000000 0.375792
37.000000 0.382142
38.000000 0.389388
39.000000 0.380238
40.000000 0.378911
41.000000 0.379852
42.000000 0.384092
43.000000 0.383374
44.000000 0.381952
45.000000 0.384764
46.000000 0.383225
47.000000 0.382015
48.000000 0.382257
49.000000 0.382719
50.000000 0.381232
0.000000 16.626094
1.000000 18.501582
2.000000 17.226978
3.000000 13.387492
4.000000 15.726796
5.000000 10.174191
6.000000 10.704321
7.000000 12.359930
8.000000 10.876617
9.000000 7.246557
10.000000 7.398652
11.000000 7.112339
12.000000 6.741260
13.000000 6.866457
14.000000 6.951904
15.000000 6.492612
16.000000 6.163054
17.000000 7.149597
18.000000 6.414031
19.000000 6.231687
20.000000 6.803279
21.000000 6.553265
22.000000 6.456261
23.000000 6.124457
24.000000 6.435850
25.000000 5.973994
26.000000 6.390805
27.000000 6.168081
28.000000 6.387378
29.000000 6.182641
30.000000 6.407679
31.000000 6.341550
32.000000 6.135217
33.000000 6.380832
34.000000 6.267424
35.000000 6.154206
36.000000 6.302155
37.000000 6.372028
38.000000 6.321793
39.000000 6.314196
40.000000 6.292282
41.000000 6.301576
42.000000 6.288586
43.000000 6.298802
44.000000 6.298245
45.000000 6.301106
46.000000 6.264155
47.000000 6.314608
48.000000 6.291141
49.000000 6.311457
50.000000 6.286098
