0.000000 0.186924
1.000000 0.143166
2.000000 0.096827
3.000000 0.071324
4.000000 0.041165
5.000000 0.025752
6.000000 0.011685
7.000000 0.004895
8.000000 0.001256
9.000000 0.000110
10.000000 0.000040
11.000000 0.000000
12.000000 0.000000
13.000000 0.000000
14.000000 0.000000
15.000000 0.000000
16.000000 0.000000
17.000000 0.000000
18.000000 0.000000
19.000000 0.000000
20.000000 0.000000
21.000000 0.000000
22.000000 0.000000
23.000000 0.000000
24.000000 0.000000
25.000000 0.000000
26.000000 0.000000
27.000000 0.000000
28.000000 0.000000
29.000000 0.000000
30.000000 0.000000
31.000000 0.000000
32.000000 0.000000
33.000000 0.000000
34.000000 0.000000
35.000000 0.000000
36.000000 0.000000
37.000000 0.000000
38.000000 0.000000
39.000000 0.000000
40.000000 0.000000
41.000000 0.000000
42.000000 0.000000
43.000000 0.000000
44.000000 0.000000
45.000000 0.000000
46.000000 0.000000
47.000000 0.000000
48.000000 0.000000
49.000000 0.000000
50.000000 0.000000
0.000000 0.183993
1.000000 0.147214
2.000000 0.108511
3.000000 0.069818
4.000000 0.040766
5.000000 0.019062
6.000000 0.009471
7.000000 0.002562
8.000000 0.000688
9.000000 0.000160
10.000000 0.000010
11.000000 0.000000
12.000000 0.000000
13.000000 0.000000
14.000000 0.000000
15.000000 0.000000
16.000000 0.000000
17.000000 0.000000
18.000000 0.000000
19.000000 0.000000
20.000000 0.000000
21.000000 0.000000
22.000000 0.000000
23.000000 0.000000
24.000000 0.000000
25.000000 0.000000
26.000000 0.000000
27.000000 0.000000
28.000000 0.000000
29.000000 0.000000
30.000000 0.000000
31.000000 0.000000
32.000000 0.000000
33.000000 0.000000
34.000000 0.000000
35.000000 0.000000
36.000000 0.000000
37.000000 0.000000
38.000000 0.000000
39.000000 0.000000
40.000000 0.000000
41.000000 0.000000
42.000000 0.000000
43.000000 0.000000
44.000000 0.000000
45.000000 0.000000
46.000000 0.000000
47.000000 0.000000
48.000000 0.000000
49.000000 0.000000
50.000000 0.000000
0.000000 0.180742
1.000000 0.138321
2.000000 0.109867
3.000000 0.069689
4.000000 0.041873
5.000000 0.023359
6.000000 0.009411
7.000000 0.004108
8.000000 0.000748
9.000000 0.000199
10.000000 0.000010
11.000000 0.000000
12.000000 0.000000
13.000000 0.000000
14.000000 0.000000
15.000000 0.000000
16.000000 0.000000
17.000000 0.000000
18.000000 0.000000
19.000000 0.000000
20.000000 0.000000
21.000000 0.000000
22.000000 0.000000
23.000000 0.000000
24.000000 0.000000
25.000000 0.000000
26.000000 0.000000
27.000000 0.000000
28.000000 0.000000
29.000000 0.000000
30.000000 0.000000
31.000000 0.000000
32.000000 0.000000
33.000000 0.000000
34.000000 0.000000
35.000000 0.000000
36.000000 0.000000
37.000000 0.000000
38.000000 0.000000
39.000000 0.000000
40.000000 0.000000
41.000000 0.000000
42.000000 0.000000
43.000000 0.000000
44.000000 0.000000
45.000000 0.000000
46.000000 0.000000
47.000000 0.000000
48.000000 0.000000
49.000000 0.000000
50.000000 0.000000
0.000000 0.178130
1.000000 0.142967
2.000000 0.106059
3.000000 0.067296
4.000000 0.038693
5.000000 0.020109
6.000000 0.009382
7.000000 0.004496
8.000000 0.001884
9.000000 0.000977
10.000000 0.000887
11.000000 0.000847
12.000000 0.000887
13.000000 0.001077
14.000000 0.000299
15.000000 0.000209
16.000000 0.000449
17.000000 0.000209
18.000000 0.000249
19.000000 0.000040
20.000000 0.000010
21.000000 0.000030
22.000000 0.000080
23.000000 0.000050
24.000000 0.000000
25.000000 0.000000
26.000000 0.000000
27.000000 0.000000
28.000000 0.000000
29.000000 0.000000
30.000000 0.000000
31.000000 0.000000
32.000000 0.000000
33.000000 0.000000
34.000000 0.000000
35.000000 0.000000
36.000000 0.000000
37.000000 0.000000
38.000000 0.000000
39.000000 0.000000
40.000000 0.000000
41.000000 0.000000
42.000000 0.000000
43.000000 0.000000
44.000000 0.000000
45.000000 0.000000
46.000000 0.000000
47.000000 0.000000
48.000000 0.000000
49.000000 0.000000
50.000000 0.000000
0.000000 0.194909
1.000000 0.152299
2.000000 0.117315
3.000000 0.075711
4.000000 0.052640
5.000000 0.030238
6.000000 0.014456
7.000000 0.008046
8.000000 0.004377
9.000000 0.003220
10.000000 0.002841
11.000000 0.002991
12.000000 0.002841
13.000000 0.003071
14.000000 0.002881
15.000000 0.002861
16.000000 0.002891
17.000000 0.003001
18.000000 0.002443
19.000000 0.003180
20.000000 0.002492
21.000000 0.002662
22.000000 0.002592
23.000000 0.001765
24.000000 0.001834
25.000000 0.001485
26.000000 0.001216
27.000000 0.000997
28.000000 0.001256
29.000000 0.001057
30.000000 0.000748
31.000000 0.000548
32.000000 0.000528
33.000000 0.000120
34.000000 0.000169
35.000000 0.000030
36.000000 0.000150
37.000000 0.000000
38.000000 0.000000
39.000000 0.000000
40.000000 0.000000
41.000000 0.000000
42.000000 0.000000
43.000000 0.000000
44.000000 0.000000
45.000000 0.000000
46.000000 0.000000
47.000000 0.000000
48.000000 0.000000
49.000000 0.000000
50.000000 0.000000
0.000000 0.323928
1.000000 0.269513
2.000000 0.212855
3.000000 0.161850
4.000000 0.115181
5.000000 0.077226
6.000000 0.042721
7.000000 0.028803
8.000000 0.013070
9.000000 0.009930
10.000000 0.007747
11.000000 0.007328
12.000000 0.006919
13.000000 0.006839
14.000000 0.006979
15.000000 0.007128
16.000000 0.006769
17.000000 0.006869
18.000000 0.007597
19.000000 0.006530
20.000000 0.006321
21.000000 0.005832
22.000000 0.006072
23.000000 0.005314
24.000000 0.005364
25.000000 0.006191
26.000000 0.004995
27.000000 0.004526
28.000000 0.004596
29.000000 0.003918
30.000000 0.002562
31.000000 0.003200
32.000000 0.002981
33.000000 0.002213
34.000000 0.002153
35.000000 0.001226
36.000000 0.000688
37.000000 0.000877
38.000000 0.000528
39.000000 0.000189
40.000000 0.000389
41.000000 0.000030
42.000000 0.000040
43.000000 0.000000
44.000000 0.000000
45.000000 0.000000
46.000000 0.000000
47.000000 0.000000
48.000000 0.000000
49.000000 0.000000
50.000000 0.000000
0.000000 0.500832
1.000000 0.500165
2.000000 0.498390
3.000000 0.499855
4.000000 0.499526
5.000000 0.499337
6.000000 0.499885
7.000000 0.497004
8.000000 0.498968
9.000000 0.496984
10.000000 0.499487
11.000000 0.497164
12.000000 0.495219
13.000000 0.492139
14.000000 0.495788
15.000000 0.491939
16.000000 0.492448
17.000000 0.489696
18.000000 0.484283
19.000000 0.479058
20.000000 0.477513
21.000000 0.470375
22.000000 0.462708
23.000000 0.456497
24.000000 0.441951
25.000000 0.432918
26.000000 0.417345
27.000000 0.396020
28.000000 0.378593
29.000000 0.342113
30.000000 0.311516
31.000000 0.282783
32.000000 0.238158
33.000000 0.199396
34.000000 0.166795
35.000000 0.138112
36.000000 0.091303
37.000000 0.063886
38.000000 0.050776
39.000000 0.032262
40.000000 0.025074
41.000000 0.020767
42.000000 0.017936
43.000000 0.016111
44.000000 0.017018
45.000000 0.015154
46.000000 0.015084
47.000000 0.012761
48.000000 0.013708
49.000000 0.013818
50.000000 0.012472
