0.000000 0.296631
1.000000 0.249215
2.000000 0.200871
3.000000 0.155170
4.000000 0.114972
5.000000 0.076448
6.000000 0.047985
7.000000 0.026938
8.000000 0.012622
9.000000 0.005065
10.000000 0.001715
11.000000 0.000449
12.000000 0.000160
13.000000 0.000020
14.000000 0.000010
15.000000 0.000000
16.000000 0.000000
17.000000 0.000000
18.000000 0.000000
19.000000 0.000000
20.000000 0.000000
21.000000 0.000000
22.000000 0.000000
23.000000 0.000000
24.000000 0.000000
25.000000 0.000000
26.000000 0.000000
27.000000 0.000000
28.000000 0.000000
29.000000 0.000000
30.000000 0.000000
31.000000 0.000000
32.000000 0.000000
33.000000 0.000000
34.000000 0.000000
35.000000 0.000000
36.000000 0.000000
37.000000 0.000000
38.000000 0.000000
39.000000 0.000000
40.000000 0.000000
41.000000 0.000000
42.000000 0.000000
43.000000 0.000000
44.000000 0.000000
45.000000 0.000000
46.000000 0.000000
47.000000 0.000000
48.000000 0.000000
49.000000 0.000000
50.000000 0.000000
0.000000 0.296033
1.000000 0.248158
2.000000 0.201300
3.000000 0.155369
4.000000 0.113686
5.000000 0.075591
6.000000 0.048184
7.000000 0.026550
8.000000 0.012093
9.000000 0.004795
10.000000 0.001715
11.000000 0.000568
12.000000 0.000100
13.000000 0.000000
14.000000 0.000000
15.000000 0.000000
16.000000 0.000000
17.000000 0.000000
18.000000 0.000000
19.000000 0.000000
20.000000 0.000000
21.000000 0.000000
22.000000 0.000000
23.000000 0.000000
24.000000 0.000000
25.000000 0.000000
26.000000 0.000000
27.000000 0.000000
28.000000 0.000000
29.000000 0.000000
30.000000 0.000000
31.000000 0.000000
32.000000 0.000000
33.000000 0.000000
34.000000 0.000000
35.000000 0.000000
36.000000 0.000000
37.000000 0.000000
38.000000 0.000000
39.000000 0.000000
40.000000 0.000000
41.000000 0.000000
42.000000 0.000000
43.000000 0.000000
44.000000 0.000000
45.000000 0.000000
46.000000 0.000000
47.000000 0.000000
48.000000 0.000000
49.000000 0.000000
50.000000 0.000000
0.000000 0.297897
1.000000 0.253233
2.000000 0.201749
3.000000 0.155728
4.000000 0.114613
5.000000 0.075601
6.000000 0.048463
7.000000 0.026430
8.000000 0.012542
9.000000 0.005424
10.000000 0.001725
11.000000 0.000449
12.000000 0.000050
13.000000 0.000000
14.000000 0.000000
15.000000 0.000000
16.000000 0.000000
17.000000 0.000000
18.000000 0.000000
19.000000 0.000000
20.000000 0.000000
21.000000 0.000000
22.000000 0.000000
23.000000 0.000000
24.000000 0.000000
25.000000 0.000000
26.000000 0.000000
27.000000 0.000000
28.000000 0.000000
29.000000 0.000000
30.000000 0.000000
31.000000 0.000000
32.000000 0.000000
33.000000 0.000000
34.000000 0.000000
35.000000 0.000000
36.000000 0.000000
37.000000 0.000000
38.000000 0.000000
39.000000 0.000000
40.000000 0.000000
41.000000 0.000000
42.000000 0.000000
43.000000 0.000000
44.000000 0.000000
45.000000 0.000000
46.000000 0.000000
47.000000 0.000000
48.000000 0.000000
49.000000 0.000000
50.000000 0.000000
0.000000 0.297050
1.000000 0.253921
2.000000 0.202447
3.000000 0.156346
4.000000 0.113805
5.000000 0.075970
6.000000 0.048563
7.000000 0.027247
8.000000 0.013220
9.000000 0.005444
10.000000 0.002064
11.000000 0.000479
12.000000 0.000120
13.000000 0.000020
14.000000 0.000010
15.000000 0.000030
16.000000 0.000000
17.000000 0.000000
18.000000 0.000000
19.000000 0.000000
20.000000 0.000000
21.000000 0.000000
22.000000 0.000000
23.000000 0.000000
24.000000 0.000000
25.000000 0.000000
26.000000 0.000000
27.000000 0.000000
28.000000 0.000000
29.000000 0.000000
30.000000 0.000000
31.000000 0.000000
32.000000 0.000000
33.000000 0.000000
34.000000 0.000000
35.000000 0.000000
36.000000 0.000000
37.000000 0.000000
38.000000 0.000000
39.000000 0.000000
40.000000 0.000000
41.000000 0.000000
42.000000 0.000000
43.000000 0.000000
44.000000 0.000000
45.000000 0.000000
46.000000 0.000000
47.000000 0.000000
48.000000 0.000000
49.000000 0.000000
50.000000 0.000000
0.000000 0.297628
1.000000 0.253781
2.000000 0.205517
3.000000 0.159467
4.000000 0.116916
5.000000 0.080097
6.000000 0.051055
7.000000 0.029550
8.000000 0.015752
9.000000 0.007597
10.000000 0.004127
11.000000 0.002134
12.000000 0.002094
13.000000 0.001376
14.000000 0.000887
15.000000 0.001137
16.000000 0.001356
17.000000 0.000239
18.000000 0.000369
19.000000 0.000299
20.000000 0.000289
21.000000 0.000120
22.000000 0.000130
23.000000 0.000080
24.000000 0.000319
25.000000 0.000748
26.000000 0.000100
27.000000 0.000030
28.000000 0.000120
29.000000 0.000000
30.000000 0.000000
31.000000 0.000040
32.000000 0.000010
33.000000 0.000000
34.000000 0.000000
35.000000 0.000000
36.000000 0.000000
37.000000 0.000000
38.000000 0.000000
39.000000 0.000000
40.000000 0.000000
41.000000 0.000000
42.000000 0.000000
43.000000 0.000000
44.000000 0.000000
45.000000 0.000000
46.000000 0.000000
47.000000 0.000000
48.000000 0.000000
49.000000 0.000000
50.000000 0.000000
0.000000 0.316252
1.000000 0.268008
2.000000 0.220163
3.000000 0.171141
4.000000 0.128929
5.000000 0.086219
6.000000 0.058682
7.000000 0.036958
8.000000 0.022901
9.000000 0.014347
10.000000 0.010359
11.000000 0.009521
12.000000 0.008345
13.000000 0.006959
14.000000 0.005942
15.000000 0.006650
16.000000 0.007567
17.000000 0.006899
18.000000 0.007218
19.000000 0.007886
20.000000 0.006939
21.000000 0.008006
22.000000 0.008056
23.000000 0.007886
24.000000 0.008325
25.000000 0.008923
26.000000 0.008644
27.000000 0.008704
28.000000 0.008704
29.000000 0.008963
30.000000 0.008823
31.000000 0.008684
32.000000 0.008923
33.000000 0.008753
34.000000 0.008873
35.000000 0.008913
36.000000 0.008933
37.000000 0.008813
38.000000 0.008883
39.000000 0.008833
40.000000 0.008893
41.000000 0.008833
42.000000 0.008893
43.000000 0.008833
44.000000 0.008793
45.000000 0.008823
46.000000 0.008863
47.000000 0.008813
48.000000 0.008793
49.000000 0.008793
50.000000 0.008793
0.000000 0.467394
1.000000 0.414075
2.000000 0.359989
3.000000 0.299672
4.000000 0.247540
5.000000 0.187352
6.000000 0.141282
7.000000 0.100805
8.000000 0.068831
9.000000 0.047476
10.000000 0.032930
11.000000 0.026420
12.000000 0.021983
13.000000 0.020408
14.000000 0.020099
15.000000 0.021684
16.000000 0.021036
17.000000 0.021445
18.000000 0.021166
19.000000 0.022163
20.000000 0.022362
21.000000 0.022362
22.000000 0.022721
23.000000 0.023429
24.000000 0.023379
25.000000 0.023818
26.000000 0.024157
27.000000 0.024556
28.000000 0.024805
29.000000 0.025074
30.000000 0.025373
31.000000 0.025493
32.000000 0.025802
33.000000 0.025832
34.000000 0.025862
35.000000 0.026011
36.000000 0.025852
37.000000 0.025981
38.000000 0.026021
39.000000 0.025961
40.000000 0.026041
41.000000 0.025951
42.000000 0.025961
43.000000 0.025951
44.000000 0.025961
45.000000 0.025931
46.000000 0.025971
47.000000 0.025951
48.000000 0.025902
49.000000 0.025911
50.000000 0.025911
