0.000000 0.321915
1.000000 0.274294
2.000000 0.228217
3.000000 0.179775
4.000000 0.136043
5.000000 0.095340
6.000000 0.064113
7.000000 0.036854
8.000000 0.019443
9.000000 0.008442
10.000000 0.003459
11.000000 0.000938
12.000000 0.000254
13.000000 0.000020
14.000000 0.000000
15.000000 0.000000
16.000000 0.000000
17.000000 0.000000
18.000000 0.000000
19.000000 0.000000
20.000000 0.000000
21.000000 0.000000
22.000000 0.000000
23.000000 0.000000
24.000000 0.000000
25.000000 0.000000
26.000000 0.000000
27.000000 0.000000
28.000000 0.000000
29.000000 0.000000
30.000000 0.000000
31.000000 0.000000
32.000000 0.000000
33.000000 0.000000
34.000000 0.000000
35.000000 0.000000
36.000000 0.000000
37.000000 0.000000
38.000000 0.000000
39.000000 0.000000
40.000000 0.000000
41.000000 0.000000
42.000000 0.000000
43.000000 0.000000
44.000000 0.000000
45.000000 0.000000
46.000000 0.000000
47.000000 0.000000
48.000000 0.000000
49.000000 0.000000
50.000000 0.000000
0.000000 0.338153
1.000000 0.291939
2.000000 0.242814
3.000000 0.199707
4.000000 0.151558
5.000000 0.108608
6.000000 0.074079
7.000000 0.045530
8.000000 0.025364
9.000000 0.011529
10.000000 0.004573
11.000000 0.001778
12.000000 0.000352
13.000000 0.000039
14.000000 0.000000
15.000000 0.000000
16.000000 0.000000
17.000000 0.000000
18.000000 0.000000
19.000000 0.000000
20.000000 0.000000
21.000000 0.000000
22.000000 0.000000
23.000000 0.000000
24.000000 0.000000
25.000000 0.000000
26.000000 0.000000
27.000000 0.000000
28.000000 0.000000
29.000000 0.000000
30.000000 0.000000
31.000000 0.000000
32.000000 0.000000
33.000000 0.000000
34.000000 0.000000
35.000000 0.000000
36.000000 0.000000
37.000000 0.000000
38.000000 0.000000
39.000000 0.000000
40.000000 0.000000
41.000000 0.000000
42.000000 0.000000
43.000000 0.000000
44.000000 0.000000
45.000000 0.000000
46.000000 0.000000
47.000000 0.000000
48.000000 0.000000
49.000000 0.000000
50.000000 0.000000
0.000000 0.426575
1.000000 0.393043
2.000000 0.341632
3.000000 0.297294
4.000000 0.243283
5.000000 0.199472
6.000000 0.155271
7.000000 0.112653
8.000000 0.075838
9.000000 0.045960
10.000000 0.026400
11.000000 0.012780
12.000000 0.005413
13.000000 0.001974
14.000000 0.000391
15.000000 0.000098
16.000000 0.000020
17.000000 0.000000
18.000000 0.000000
19.000000 0.000000
20.000000 0.000000
21.000000 0.000000
22.000000 0.000000
23.000000 0.000000
24.000000 0.000000
25.000000 0.000000
26.000000 0.000000
27.000000 0.000000
28.000000 0.000000
29.000000 0.000000
30.000000 0.000000
31.000000 0.000000
32.000000 0.000000
33.000000 0.000000
34.000000 0.000000
35.000000 0.000000
36.000000 0.000000
37.000000 0.000000
38.000000 0.000000
39.000000 0.000000
40.000000 0.000000
41.000000 0.000000
42.000000 0.000000
43.000000 0.000000
44.000000 0.000000
45.000000 0.000000
46.000000 0.000000
47.000000 0.000000
48.000000 0.000000
49.000000 0.000000
50.000000 0.000000
0.000000 0.467982
1.000000 0.431050
2.000000 0.390054
3.000000 0.343156
4.000000 0.294519
5.000000 0.245061
6.000000 0.200059
7.000000 0.148510
8.000000 0.109057
9.000000 0.071070
10.000000 0.044827
11.000000 0.024133
12.000000 0.011724
13.000000 0.004983
14.000000 0.001505
15.000000 0.000274
16.000000 0.000156
17.000000 0.000000
18.000000 0.000000
19.000000 0.000000
20.000000 0.000000
21.000000 0.000000
22.000000 0.000000
23.000000 0.000000
24.000000 0.000000
25.000000 0.000000
26.000000 0.000000
27.000000 0.000000
28.000000 0.000000
29.000000 0.000000
30.000000 0.000000
31.000000 0.000000
32.000000 0.000000
33.000000 0.000000
34.000000 0.000000
35.000000 0.000000
36.000000 0.000000
37.000000 0.000000
38.000000 0.000000
39.000000 0.000000
40.000000 0.000000
41.000000 0.000000
42.000000 0.000000
43.000000 0.000000
44.000000 0.000000
45.000000 0.000000
46.000000 0.000000
47.000000 0.000000
48.000000 0.000000
49.000000 0.000000
50.000000 0.000000
0.000000 0.578505
1.000000 0.553493
2.000000 0.524084
3.000000 0.489497
4.000000 0.456160
5.000000 0.413464
6.000000 0.366214
7.000000 0.326957
8.000000 0.274450
9.000000 0.224797
10.000000 0.176121
11.000000 0.130689
12.000000 0.091021
13.000000 0.058935
14.000000 0.033903
15.000000 0.017509
16.000000 0.007132
17.000000 0.002716
18.000000 0.000645
19.000000 0.000176
20.000000 0.000039
21.000000 0.000000
22.000000 0.000000
23.000000 0.000000
24.000000 0.000000
25.000000 0.000000
26.000000 0.000000
27.000000 0.000000
28.000000 0.000000
29.000000 0.000000
30.000000 0.000000
31.000000 0.000000
32.000000 0.000000
33.000000 0.000000
34.000000 0.000000
35.000000 0.000000
36.000000 0.000000
37.000000 0.000000
38.000000 0.000000
39.000000 0.000000
40.000000 0.000000
41.000000 0.000000
42.000000 0.000000
43.000000 0.000000
44.000000 0.000000
45.000000 0.000000
46.000000 0.000000
47.000000 0.000000
48.000000 0.000000
49.000000 0.000000
50.000000 0.000000
0.000000 0.559668
1.000000 0.532213
2.000000 0.492330
3.000000 0.447875
4.000000 0.405979
5.000000 0.353981
6.000000 0.301397
7.000000 0.252467
8.000000 0.199297
9.000000 0.147455
10.000000 0.105872
11.000000 0.069038
12.000000 0.041212
13.000000 0.021944
14.000000 0.010630
15.000000 0.003674
16.000000 0.001348
17.000000 0.000410
18.000000 0.000039
19.000000 0.000000
20.000000 0.000000
21.000000 0.000000
22.000000 0.000000
23.000000 0.000000
24.000000 0.000000
25.000000 0.000000
26.000000 0.000000
27.000000 0.000000
28.000000 0.000000
29.000000 0.000000
30.000000 0.000000
31.000000 0.000000
32.000000 0.000000
33.000000 0.000000
34.000000 0.000000
35.000000 0.000000
36.000000 0.000000
37.000000 0.000000
38.000000 0.000000
39.000000 0.000000
40.000000 0.000000
41.000000 0.000000
42.000000 0.000000
43.000000 0.000000
44.000000 0.000000
45.000000 0.000000
46.000000 0.000000
47.000000 0.000000
48.000000 0.000000
49.000000 0.000000
50.000000 0.000000
0.000000 0.656707
1.000000 0.642189
2.000000 0.618857
3.000000 0.593083
4.000000 0.562814
5.000000 0.528657
6.000000 0.490552
7.000000 0.448403
8.000000 0.402677
9.000000 0.351930
10.000000 0.303664
11.000000 0.253483
12.000000 0.199648
13.000000 0.153122
14.000000 0.108158
15.000000 0.070425
16.000000 0.041036
17.000000 0.022120
18.000000 0.010767
19.000000 0.003459
20.000000 0.001329
21.000000 0.000293
22.000000 0.000000
23.000000 0.000000
24.000000 0.000000
25.000000 0.000000
26.000000 0.000000
27.000000 0.000000
28.000000 0.000000
29.000000 0.000000
30.000000 0.000000
31.000000 0.000000
32.000000 0.000000
33.000000 0.000000
34.000000 0.000000
35.000000 0.000000
36.000000 0.000000
37.000000 0.000000
38.000000 0.000000
39.000000 0.000000
40.000000 0.000000
41.000000 0.000000
42.000000 0.000000
43.000000 0.000000
44.000000 0.000000
45.000000 0.000000
46.000000 0.000000
47.000000 0.000000
48.000000 0.000000
49.000000 0.000000
50.000000 0.000000
