0.000000 0.473106
1.000000 0.423258
2.000000 0.360757
3.000000 0.316631
4.000000 0.252664
5.000000 0.200463
6.000000 0.144851
7.000000 0.102509
8.000000 0.059639
9.000000 0.032671
10.000000 0.018324
11.000000 0.007766
12.000000 0.001854
13.000000 0.000768
14.000000 0.000239
15.000000 0.000000
16.000000 0.000000
17.000000 0.000000
18.000000 0.000000
19.000000 0.000000
20.000000 0.000000
21.000000 0.000000
22.000000 0.000000
23.000000 0.000000
24.000000 0.000000
25.000000 0.000000
26.000000 0.000000
27.000000 0.000000
28.000000 0.000000
29.000000 0.000000
30.000000 0.000000
31.000000 0.000000
32.000000 0.000000
33.000000 0.000000
34.000000 0.000000
35.000000 0.000000
36.000000 0.000000
37.000000 0.000000
38.000000 0.000000
39.000000 0.000000
40.000000 0.000000
41.000000 0.000000
42.000000 0.000000
43.000000 0.000000
44.000000 0.000000
45.000000 0.000000
46.000000 0.000000
47.000000 0.000000
48.000000 0.000000
49.000000 0.000000
50.000000 0.000000
0.000000 0.473176
1.000000 0.426358
2.000000 0.376968
3.000000 0.315624
4.000000 0.249933
5.000000 0.191520
6.000000 0.143695
7.000000 0.096557
8.000000 0.060028
9.000000 0.032113
10.000000 0.018753
11.000000 0.007148
12.000000 0.002363
13.000000 0.000628
14.000000 0.000060
15.000000 0.000040
16.000000 0.000000
17.000000 0.000000
18.000000 0.000000
19.000000 0.000000
20.000000 0.000000
21.000000 0.000000
22.000000 0.000000
23.000000 0.000000
24.000000 0.000000
25.000000 0.000000
26.000000 0.000000
27.000000 0.000000
28.000000 0.000000
29.000000 0.000000
30.000000 0.000000
31.000000 0.000000
32.000000 0.000000
33.000000 0.000000
34.000000 0.000000
35.000000 0.000000
36.000000 0.000000
37.000000 0.000000
38.000000 0.000000
39.000000 0.000000
40.000000 0.000000
41.000000 0.000000
42.000000 0.000000
43.000000 0.000000
44.000000 0.000000
45.000000 0.000000
46.000000 0.000000
47.000000 0.000000
48.000000 0.000000
49.000000 0.000000
50.000000 0.000000
0.000000 0.472169
1.000000 0.418512
2.000000 0.376609
3.000000 0.314028
4.000000 0.253562
5.000000 0.196594
6.000000 0.138570
7.000000 0.094464
8.000000 0.063109
9.000000 0.035971
10.000000 0.018923
11.000000 0.006989
12.000000 0.002602
13.000000 0.000618
14.000000 0.000269
15.000000 0.000080
16.000000 0.000000
17.000000 0.000000
18.000000 0.000000
19.000000 0.000000
20.000000 0.000000
21.000000 0.000000
22.000000 0.000000
23.000000 0.000000
24.000000 0.000000
25.000000 0.000000
26.000000 0.000000
27.000000 0.000000
28.000000 0.000000
29.000000 0.000000
30.000000 0.000000
31.000000 0.000000
32.000000 0.000000
33.000000 0.000000
34.000000 0.000000
35.000000 0.000000
36.000000 0.000000
37.000000 0.000000
38.000000 0.000000
39.000000 0.000000
40.000000 0.000000
41.000000 0.000000
42.000000 0.000000
43.000000 0.000000
44.000000 0.000000
45.000000 0.000000
46.000000 0.000000
47.000000 0.000000
48.000000 0.000000
49.000000 0.000000
50.000000 0.000000
0.000000 0.472568
1.000000 0.429020
2.000000 0.372511
3.000000 0.316142
4.000000 0.246383
5.000000 0.192945
6.000000 0.141192
7.000000 0.096657
8.000000 0.062949
9.000000 0.036898
10.000000 0.016530
11.000000 0.009491
12.000000 0.003938
13.000000 0.002333
14.000000 0.000937
15.000000 0.000877
16.000000 0.001137
17.000000 0.000728
18.000000 0.000768
19.000000 0.000249
20.000000 0.000479
21.000000 0.000289
22.000000 0.000469
23.000000 0.000409
24.000000 0.000189
25.000000 0.000030
26.000000 0.000030
27.000000 0.000279
28.000000 0.000060
29.000000 0.000000
30.000000 0.000000
31.000000 0.000000
32.000000 0.000000
33.000000 0.000000
34.000000 0.000000
35.000000 0.000000
36.000000 0.000000
37.000000 0.000000
38.000000 0.000000
39.000000 0.000000
40.000000 0.000000
41.000000 0.000000
42.000000 0.000000
43.000000 0.000000
44.000000 0.000000
45.000000 0.000000
46.000000 0.000000
47.000000 0.000000
48.000000 0.000000
49.000000 0.000000
50.000000 0.000000
0.000000 0.481970
1.000000 0.438422
2.000000 0.387964
3.000000 0.317059
4.000000 0.275635
5.000000 0.206425
6.000000 0.157772
7.000000 0.107963
8.000000 0.071424
9.000000 0.041454
10.000000 0.023509
11.000000 0.012153
12.000000 0.007437
13.000000 0.005723
14.000000 0.004845
15.000000 0.004616
16.000000 0.004785
17.000000 0.004716
18.000000 0.004247
19.000000 0.004716
20.000000 0.004397
21.000000 0.004307
22.000000 0.004257
23.000000 0.003509
24.000000 0.003400
25.000000 0.003489
26.000000 0.002851
27.000000 0.002821
28.000000 0.003270
29.000000 0.002831
30.000000 0.002084
31.000000 0.001974
32.000000 0.001625
33.000000 0.001137
34.000000 0.001097
35.000000 0.000449
36.000000 0.000678
37.000000 0.000379
38.000000 0.000090
39.000000 0.000100
40.000000 0.000020
41.000000 0.000020
42.000000 0.000000
43.000000 0.000010
44.000000 0.000000
45.000000 0.000000
46.000000 0.000000
47.000000 0.000000
48.000000 0.000000
49.000000 0.000000
50.000000 0.000000
0.000000 0.612095
1.000000 0.561967
2.000000 0.505937
3.000000 0.447195
4.000000 0.385412
5.000000 0.320798
6.000000 0.246194
7.000000 0.194610
8.000000 0.127035
9.000000 0.093537
10.000000 0.059410
11.000000 0.035961
12.000000 0.021894
13.000000 0.015264
14.000000 0.012721
15.000000 0.011734
16.000000 0.011076
17.000000 0.010777
18.000000 0.010857
19.000000 0.010179
20.000000 0.009990
21.000000 0.009322
22.000000 0.009850
23.000000 0.008983
24.000000 0.009352
25.000000 0.009870
26.000000 0.008464
27.000000 0.008395
28.000000 0.008225
29.000000 0.007687
30.000000 0.006989
31.000000 0.006889
32.000000 0.006750
33.000000 0.006012
34.000000 0.005234
35.000000 0.004776
36.000000 0.003469
37.000000 0.002841
38.000000 0.002772
39.000000 0.001346
40.000000 0.001695
41.000000 0.000439
42.000000 0.000877
43.000000 0.000339
44.000000 0.000279
45.000000 0.000130
46.000000 0.000020
47.000000 0.000060
48.000000 0.000110
49.000000 0.000000
50.000000 0.000000
0.000000 0.748343
1.000000 0.749688
2.000000 0.748283
3.000000 0.753567
4.000000 0.749110
5.000000 0.749310
6.000000 0.751154
7.000000 0.749100
8.000000 0.749988
9.000000 0.750556
10.000000 0.749778
11.000000 0.745970
12.000000 0.746319
13.000000 0.745043
14.000000 0.748103
15.000000 0.743088
16.000000 0.743039
17.000000 0.741842
18.000000 0.740367
19.000000 0.735322
20.000000 0.733448
21.000000 0.729629
22.000000 0.722860
23.000000 0.719819
24.000000 0.711185
25.000000 0.699909
26.000000 0.687178
27.000000 0.673669
28.000000 0.659302
29.000000 0.627997
30.000000 0.597819
31.000000 0.574479
32.000000 0.530652
33.000000 0.486217
34.000000 0.442808
35.000000 0.405810
36.000000 0.339721
37.000000 0.277190
38.000000 0.234749
39.000000 0.180144
40.000000 0.137085
41.000000 0.097245
42.000000 0.077455
43.000000 0.051055
44.000000 0.043259
45.000000 0.032980
46.000000 0.028075
47.000000 0.023778
48.000000 0.024097
49.000000 0.022711
50.000000 0.021485
