0.000000 0.009710
1.000000 0.007624
2.000000 0.006308
3.000000 0.004771
4.000000 0.003885
5.000000 0.002992
6.000000 0.002263
7.000000 0.001803
8.000000 0.001293
9.000000 0.000986
10.000000 0.000727
11.000000 0.000564
12.000000 0.000389
13.000000 0.000291
14.000000 0.000217
15.000000 0.000172
16.000000 0.000145
17.000000 0.000122
18.000000 0.000111
19.000000 0.000086
20.000000 0.000069
21.000000 0.000068
22.000000 0.000061
23.000000 0.000054
24.000000 0.000051
25.000000 0.000047
26.000000 0.000043
27.000000 0.000040
28.000000 0.000039
29.000000 0.000038
30.000000 0.000033
31.000000 0.000035
32.000000 0.000036
33.000000 0.000034
34.000000 0.000034
35.000000 0.000034
36.000000 0.000033
37.000000 0.000033
38.000000 0.000034
39.000000 0.000034
40.000000 0.000034
41.000000 0.000034
42.000000 0.000034
43.000000 0.000034
44.000000 0.000034
45.000000 0.000034
46.000000 0.000034
47.000000 0.000034
48.000000 0.000034
49.000000 0.000034
50.000000 0.000034
0.000000 0.019960
1.000000 0.015759
2.000000 0.013168
3.000000 0.010051
4.000000 0.008565
5.000000 0.006497
6.000000 0.005542
7.000000 0.004157
8.000000 0.003272
9.000000 0.002635
10.000000 0.002202
11.000000 0.001786
12.000000 0.001374
13.000000 0.001102
14.000000 0.000870
15.000000 0.000762
16.000000 0.000647
17.000000 0.000538
18.000000 0.000451
19.000000 0.000377
20.000000 0.000315
21.000000 0.000292
22.000000 0.000265
23.000000 0.000230
24.000000 0.000207
25.000000 0.000196
26.000000 0.000177
27.000000 0.000168
28.000000 0.000156
29.000000 0.000149
30.000000 0.000150
31.000000 0.000143
32.000000 0.000141
33.000000 0.000137
34.000000 0.000134
35.000000 0.000133
36.000000 0.000134
37.000000 0.000133
38.000000 0.000130
39.000000 0.000131
40.000000 0.000131
41.000000 0.000129
42.000000 0.000129
43.000000 0.000130
44.000000 0.000129
45.000000 0.000129
46.000000 0.000129
47.000000 0.000128
48.000000 0.000129
49.000000 0.000129
50.000000 0.000129
0.000000 0.040004
1.000000 0.032270
2.000000 0.026499
3.000000 0.019335
4.000000 0.016886
5.000000 0.013340
6.000000 0.010234
7.000000 0.008289
8.000000 0.006607
9.000000 0.005244
10.000000 0.004401
11.000000 0.003354
12.000000 0.002818
13.000000 0.002254
14.000000 0.001817
15.000000 0.001503
16.000000 0.001293
17.000000 0.001088
18.000000 0.000881
19.000000 0.000749
20.000000 0.000672
21.000000 0.000582
22.000000 0.000513
23.000000 0.000460
24.000000 0.000427
25.000000 0.000384
26.000000 0.000356
27.000000 0.000337
28.000000 0.000325
29.000000 0.000305
30.000000 0.000299
31.000000 0.000303
32.000000 0.000290
33.000000 0.000283
34.000000 0.000279
35.000000 0.000276
36.000000 0.000271
37.000000 0.000273
38.000000 0.000265
39.000000 0.000265
40.000000 0.000263
41.000000 0.000264
42.000000 0.000263
43.000000 0.000262
44.000000 0.000260
45.000000 0.000261
46.000000 0.000262
47.000000 0.000260
48.000000 0.000261
49.000000 0.000260
50.000000 0.000260
0.000000 0.079809
1.000000 0.066191
2.000000 0.052218
3.000000 0.042357
4.000000 0.033642
5.000000 0.025760
6.000000 0.020435
7.000000 0.017474
8.000000 0.013388
9.000000 0.010421
10.000000 0.008945
11.000000 0.007007
12.000000 0.005672
13.000000 0.004525
14.000000 0.003645
15.000000 0.002902
16.000000 0.002588
17.000000 0.002276
18.000000 0.001839
19.000000 0.001543
20.000000 0.001310
21.000000 0.001188
22.000000 0.001079
23.000000 0.000995
24.000000 0.000925
25.000000 0.000812
26.000000 0.000756
27.000000 0.000735
28.000000 0.000709
29.000000 0.000681
30.000000 0.000654
31.000000 0.000624
32.000000 0.000621
33.000000 0.000602
34.000000 0.000603
35.000000 0.000597
36.000000 0.000582
37.000000 0.000579
38.000000 0.000575
39.000000 0.000578
40.000000 0.000575
41.000000 0.000581
42.000000 0.000574
43.000000 0.000573
44.000000 0.000574
45.000000 0.000572
46.000000 0.000569
47.000000 0.000569
48.000000 0.000568
49.000000 0.000569
50.000000 0.000569
0.000000 0.160294
1.000000 0.129845
2.000000 0.108940
3.000000 0.081451
4.000000 0.067173
5.000000 0.053363
6.000000 0.042046
7.000000 0.031947
8.000000 0.027130
9.000000 0.021922
10.000000 0.017402
11.000000 0.014050
12.000000 0.011077
13.000000 0.009208
14.000000 0.007361
15.000000 0.006211
16.000000 0.005417
17.000000 0.004642
18.000000 0.003714
19.000000 0.003363
20.000000 0.002849
21.000000 0.002602
22.000000 0.002381
23.000000 0.002116
24.000000 0.001952
25.000000 0.001827
26.000000 0.001737
27.000000 0.001637
28.000000 0.001592
29.000000 0.001521
30.000000 0.001504
31.000000 0.001406
32.000000 0.001405
33.000000 0.001386
34.000000 0.001376
35.000000 0.001363
36.000000 0.001361
37.000000 0.001348
38.000000 0.001323
39.000000 0.001325
40.000000 0.001326
41.000000 0.001323
42.000000 0.001310
43.000000 0.001317
44.000000 0.001316
45.000000 0.001311
46.000000 0.001316
47.000000 0.001311
48.000000 0.001311
49.000000 0.001310
50.000000 0.001314
0.000000 0.327220
1.000000 0.278252
2.000000 0.220629
3.000000 0.175660
4.000000 0.148410
5.000000 0.107515
6.000000 0.090501
7.000000 0.072630
8.000000 0.056047
9.000000 0.044238
10.000000 0.036953
11.000000 0.029944
12.000000 0.023997
13.000000 0.019387
14.000000 0.015953
15.000000 0.013511
16.000000 0.011327
17.000000 0.009128
18.000000 0.007888
19.000000 0.006580
20.000000 0.005818
21.000000 0.004954
22.000000 0.004630
23.000000 0.004170
24.000000 0.003881
25.000000 0.003495
26.000000 0.003495
27.000000 0.003182
28.000000 0.003007
29.000000 0.002935
30.000000 0.002886
31.000000 0.002781
32.000000 0.002733
33.000000 0.002624
34.000000 0.002678
35.000000 0.002606
36.000000 0.002576
37.000000 0.002553
38.000000 0.002553
39.000000 0.002551
40.000000 0.002527
41.000000 0.002536
42.000000 0.002499
43.000000 0.002511
44.000000 0.002508
45.000000 0.002506
46.000000 0.002502
47.000000 0.002504
48.000000 0.002511
49.000000 0.002500
50.000000 0.002503
0.000000 0.631685
1.000000 0.534833
2.000000 0.418973
3.000000 0.336237
4.000000 0.276748
5.000000 0.208744
6.000000 0.177942
7.000000 0.133945
8.000000 0.107078
9.000000 0.089435
10.000000 0.071947
11.000000 0.058699
12.000000 0.046952
13.000000 0.039739
14.000000 0.033146
15.000000 0.027118
16.000000 0.023238
17.000000 0.019483
18.000000 0.016478
19.000000 0.014966
20.000000 0.013376
21.000000 0.012109
22.000000 0.010953
23.000000 0.010239
24.000000 0.009509
25.000000 0.008974
26.000000 0.008723
27.000000 0.008296
28.000000 0.008196
29.000000 0.007860
30.000000 0.007663
31.000000 0.007656
32.000000 0.007559
33.000000 0.007433
34.000000 0.007408
35.000000 0.007341
36.000000 0.007330
37.000000 0.007187
38.000000 0.007212
39.000000 0.007193
40.000000 0.007182
41.000000 0.007172
42.000000 0.007158
43.000000 0.007117
44.000000 0.007130
45.000000 0.007126
46.000000 0.007141
47.000000 0.007129
48.000000 0.007120
49.000000 0.007121
50.000000 0.007119
