0.000000 0.000481
1.000000 0.000385
2.000000 0.000305
3.000000 0.000242
4.000000 0.000193
5.000000 0.000152
6.000000 0.000121
7.000000 0.000096
8.000000 0.000077
9.000000 0.000061
10.000000 0.000049
11.000000 0.000039
12.000000 0.000031
13.000000 0.000024
14.000000 0.000020
15.000000 0.000016
16.000000 0.000012
17.000000 0.000010
18.000000 0.000008
19.000000 0.000006
20.000000 0.000005
21.000000 0.000004
22.000000 0.000003
23.000000 0.000003
24.000000 0.000002
25.000000 0.000002
26.000000 0.000002
27.000000 0.000001
28.000000 0.000001
29.000000 0.000001
30.000000 0.000001
31.000000 0.000001
32.000000 0.000001
33.000000 0.000001
34.000000 0.000001
35.000000 0.000001
36.000000 0.000000
37.000000 0.000000
38.000000 0.000000
39.000000 0.000000
40.000000 0.000000
41.000000 0.000000
42.000000 0.000000
43.000000 0.000000
44.000000 0.000000
45.000000 0.000000
46.000000 0.000000
47.000000 0.000000
48.000000 0.000000
49.000000 0.000000
50.000000 0.000000
0.000000 0.000362
1.000000 0.000290
2.000000 0.000230
3.000000 0.000183
4.000000 0.000145
5.000000 0.000115
6.000000 0.000091
7.000000 0.000073
8.000000 0.000058
9.000000 0.000046
10.000000 0.000037
11.000000 0.000029
12.000000 0.000023
13.000000 0.000019
14.000000 0.000015
15.000000 0.000012
16.000000 0.000010
17.000000 0.000008
18.000000 0.000006
19.000000 0.000005
20.000000 0.000004
21.000000 0.000004
22.000000 0.000003
23.000000 0.000002
24.000000 0.000002
25.000000 0.000002
26.000000 0.000002
27.000000 0.000001
28.000000 0.000001
29.000000 0.000001
30.000000 0.000001
31.000000 0.000001
32.000000 0.000001
33.000000 0.000001
34.000000 0.000001
35.000000 0.000001
36.000000 0.000001
37.000000 0.000001
38.000000 0.000001
39.000000 0.000001
40.000000 0.000001
41.000000 0.000001
42.000000 0.000001
43.000000 0.000001
44.000000 0.000001
45.000000 0.000001
46.000000 0.000001
47.000000 0.000001
48.000000 0.000001
49.000000 0.000001
50.000000 0.000001
0.000000 0.000331
1.000000 0.000267
2.000000 0.000213
3.000000 0.000169
4.000000 0.000135
5.000000 0.000107
6.000000 0.000085
7.000000 0.000068
8.000000 0.000054
9.000000 0.000043
10.000000 0.000034
11.000000 0.000027
12.000000 0.000022
13.000000 0.000017
14.000000 0.000014
15.000000 0.000011
16.000000 0.000009
17.000000 0.000007
18.000000 0.000006
19.000000 0.000005
20.000000 0.000004
21.000000 0.000003
22.000000 0.000003
23.000000 0.000002
24.000000 0.000002
25.000000 0.000002
26.000000 0.000002
27.000000 0.000001
28.000000 0.000001
29.000000 0.000001
30.000000 0.000001
31.000000 0.000001
32.000000 0.000001
33.000000 0.000001
34.000000 0.000001
35.000000 0.000001
36.000000 0.000001
37.000000 0.000001
38.000000 0.000001
39.000000 0.000001
40.000000 0.000001
41.000000 0.000001
42.000000 0.000001
43.000000 0.000001
44.000000 0.000001
45.000000 0.000001
46.000000 0.000001
47.000000 0.000001
48.000000 0.000001
49.000000 0.000001
50.000000 0.000001
0.000000 0.000336
1.000000 0.000280
2.000000 0.000217
3.000000 0.000177
4.000000 0.000140
5.000000 0.000110
6.000000 0.000086
7.000000 0.000069
8.000000 0.000055
9.000000 0.000044
10.000000 0.000036
11.000000 0.000028
12.000000 0.000023
13.000000 0.000018
14.000000 0.000015
15.000000 0.000012
16.000000 0.000010
17.000000 0.000008
18.000000 0.000006
19.000000 0.000005
20.000000 0.000005
21.000000 0.000004
22.000000 0.000003
23.000000 0.000003
24.000000 0.000002
25.000000 0.000002
26.000000 0.000002
27.000000 0.000002
28.000000 0.000002
29.000000 0.000001
30.000000 0.000001
31.000000 0.000001
32.000000 0.000001
33.000000 0.000001
34.000000 0.000001
35.000000 0.000001
36.000000 0.000001
37.000000 0.000001
38.000000 0.000001
39.000000 0.000001
40.000000 0.000001
41.000000 0.000001
42.000000 0.000001
43.000000 0.000001
44.000000 0.000001
45.000000 0.000001
46.000000 0.000001
47.000000 0.000001
48.000000 0.000001
49.000000 0.000001
50.000000 0.000001
0.000000 0.000424
1.000000 0.000402
2.000000 0.000286
3.000000 0.000238
4.000000 0.000211
5.000000 0.000146
6.000000 0.000121
7.000000 0.000105
8.000000 0.000078
9.000000 0.000064
10.000000 0.000053
11.000000 0.000046
12.000000 0.000039
13.000000 0.000033
14.000000 0.000031
15.000000 0.000024
16.000000 0.000026
17.000000 0.000020
18.000000 0.000022
19.000000 0.000018
20.000000 0.000016
21.000000 0.000015
22.000000 0.000015
23.000000 0.000014
24.000000 0.000015
25.000000 0.000013
26.000000 0.000013
27.000000 0.000013
28.000000 0.000013
29.000000 0.000012
30.000000 0.000012
31.000000 0.000012
32.000000 0.000012
33.000000 0.000012
34.000000 0.000012
35.000000 0.000012
36.000000 0.000011
37.000000 0.000012
38.000000 0.000012
39.000000 0.000012
40.000000 0.000012
41.000000 0.000012
42.000000 0.000012
43.000000 0.000012
44.000000 0.000012
45.000000 0.000012
46.000000 0.000012
47.000000 0.000012
48.000000 0.000012
49.000000 0.000012
50.000000 0.000012
0.000000 0.001493
1.000000 0.001289
2.000000 0.000899
3.000000 0.000965
4.000000 0.000733
5.000000 0.000528
6.000000 0.000566
7.000000 0.000392
8.000000 0.000361
9.000000 0.000324
10.000000 0.000258
11.000000 0.000361
12.000000 0.000244
13.000000 0.000307
14.000000 0.000244
15.000000 0.000223
16.000000 0.000216
17.000000 0.000253
18.000000 0.000226
19.000000 0.000245
20.000000 0.000202
21.000000 0.000211
22.000000 0.000189
23.000000 0.000227
24.000000 0.000204
25.000000 0.000207
26.000000 0.000194
27.000000 0.000214
28.000000 0.000212
29.000000 0.000206
30.000000 0.000205
31.000000 0.000203
32.000000 0.000205
33.000000 0.000206
34.000000 0.000203
35.000000 0.000202
36.000000 0.000199
37.000000 0.000202
38.000000 0.000200
39.000000 0.000202
40.000000 0.000201
41.000000 0.000202
42.000000 0.000202
43.000000 0.000201
44.000000 0.000204
45.000000 0.000201
46.000000 0.000202
47.000000 0.000202
48.000000 0.000201
49.000000 0.000202
50.000000 0.000202
0.000000 0.008247
1.000000 0.011220
2.000000 0.011812
3.000000 0.004885
4.000000 0.009016
5.000000 0.006777
6.000000 0.004995
7.000000 0.004380
8.000000 0.004985
9.000000 0.005238
10.000000 0.004469
11.000000 0.005330
12.000000 0.004079
13.000000 0.004363
14.000000 0.003430
15.000000 0.003407
16.000000 0.003867
17.000000 0.003883
18.000000 0.003625
19.000000 0.003553
20.000000 0.004069
21.000000 0.003433
22.000000 0.003441
23.000000 0.003531
24.000000 0.003566
25.000000 0.003597
26.000000 0.003523
27.000000 0.003582
28.000000 0.003546
29.000000 0.003567
30.000000 0.003521
31.000000 0.003587
32.000000 0.003573
33.000000 0.003578
34.000000 0.003516
35.000000 0.003565
36.000000 0.003530
37.000000 0.003521
38.000000 0.003530
39.000000 0.003540
40.000000 0.003545
41.000000 0.003527
42.000000 0.003555
43.000000 0.003542
44.000000 0.003552
45.000000 0.003528
46.000000 0.003547
47.000000 0.003536
48.000000 0.003535
49.000000 0.003542
50.000000 0.003535
