0.000000 0.009946
1.000000 0.007804
2.000000 0.006463
3.000000 0.004908
4.000000 0.003977
5.000000 0.003065
6.000000 0.002327
7.000000 0.001851
8.000000 0.001332
9.000000 0.001022
10.000000 0.000753
11.000000 0.000579
12.000000 0.000401
13.000000 0.000299
14.000000 0.000225
15.000000 0.000177
16.000000 0.000149
17.000000 0.000125
18.000000 0.000113
19.000000 0.000088
20.000000 0.000070
21.000000 0.000069
22.000000 0.000062
23.000000 0.000055
24.000000 0.000052
25.000000 0.000048
26.000000 0.000043
27.000000 0.000041
28.000000 0.000041
29.000000 0.000038
30.000000 0.000033
31.000000 0.000036
32.000000 0.000038
33.000000 0.000035
34.000000 0.000035
35.000000 0.000034
36.000000 0.000034
37.000000 0.000034
38.000000 0.000034
39.000000 0.000034
40.000000 0.000034
41.000000 0.000034
42.000000 0.000034
43.000000 0.000034
44.000000 0.000034
45.000000 0.000035
46.000000 0.000034
47.000000 0.000035
48.000000 0.000035
49.000000 0.000035
50.000000 0.000035
0.000000 0.020427
1.000000 0.016097
2.000000 0.013468
3.000000 0.010274
4.000000 0.008764
5.000000 0.006640
6.000000 0.005673
7.000000 0.004245
8.000000 0.003340
9.000000 0.002694
10.000000 0.002253
11.000000 0.001823
12.000000 0.001401
13.000000 0.001123
14.000000 0.000887
15.000000 0.000777
16.000000 0.000654
17.000000 0.000543
18.000000 0.000454
19.000000 0.000378
20.000000 0.000317
21.000000 0.000292
22.000000 0.000265
23.000000 0.000229
24.000000 0.000206
25.000000 0.000195
26.000000 0.000175
27.000000 0.000165
28.000000 0.000153
29.000000 0.000146
30.000000 0.000147
31.000000 0.000139
32.000000 0.000138
33.000000 0.000133
34.000000 0.000131
35.000000 0.000130
36.000000 0.000131
37.000000 0.000130
38.000000 0.000127
39.000000 0.000128
40.000000 0.000128
41.000000 0.000126
42.000000 0.000126
43.000000 0.000126
44.000000 0.000126
45.000000 0.000125
46.000000 0.000125
47.000000 0.000125
48.000000 0.000126
49.000000 0.000125
50.000000 0.000125
0.000000 0.040761
1.000000 0.032841
2.000000 0.027044
3.000000 0.019726
4.000000 0.017230
5.000000 0.013614
6.000000 0.010455
7.000000 0.008462
8.000000 0.006710
9.000000 0.005336
10.000000 0.004477
11.000000 0.003411
12.000000 0.002860
13.000000 0.002275
14.000000 0.001842
15.000000 0.001518
16.000000 0.001305
17.000000 0.001090
18.000000 0.000873
19.000000 0.000735
20.000000 0.000665
21.000000 0.000576
22.000000 0.000506
23.000000 0.000448
24.000000 0.000420
25.000000 0.000372
26.000000 0.000346
27.000000 0.000323
28.000000 0.000314
29.000000 0.000295
30.000000 0.000287
31.000000 0.000291
32.000000 0.000277
33.000000 0.000269
34.000000 0.000266
35.000000 0.000262
36.000000 0.000258
37.000000 0.000259
38.000000 0.000252
39.000000 0.000252
40.000000 0.000250
41.000000 0.000251
42.000000 0.000250
43.000000 0.000249
44.000000 0.000247
45.000000 0.000248
46.000000 0.000248
47.000000 0.000247
48.000000 0.000248
49.000000 0.000247
50.000000 0.000247
0.000000 0.081637
1.000000 0.067621
2.000000 0.053291
3.000000 0.043348
4.000000 0.034380
5.000000 0.026294
6.000000 0.020908
7.000000 0.017817
8.000000 0.013693
9.000000 0.010580
10.000000 0.009082
11.000000 0.007119
12.000000 0.005690
13.000000 0.004527
14.000000 0.003644
15.000000 0.002873
16.000000 0.002562
17.000000 0.002244
18.000000 0.001790
19.000000 0.001492
20.000000 0.001253
21.000000 0.001127
22.000000 0.001015
23.000000 0.000944
24.000000 0.000875
25.000000 0.000749
26.000000 0.000691
27.000000 0.000671
28.000000 0.000641
29.000000 0.000617
30.000000 0.000589
31.000000 0.000561
32.000000 0.000557
33.000000 0.000536
34.000000 0.000537
35.000000 0.000529
36.000000 0.000519
37.000000 0.000513
38.000000 0.000510
39.000000 0.000514
40.000000 0.000508
41.000000 0.000514
42.000000 0.000509
43.000000 0.000507
44.000000 0.000509
45.000000 0.000507
46.000000 0.000503
47.000000 0.000503
48.000000 0.000503
49.000000 0.000503
50.000000 0.000503
0.000000 0.163609
1.000000 0.132348
2.000000 0.110969
3.000000 0.082676
4.000000 0.068239
5.000000 0.054296
6.000000 0.042667
7.000000 0.032421
8.000000 0.027500
9.000000 0.022009
10.000000 0.017602
11.000000 0.014098
12.000000 0.010997
13.000000 0.009146
14.000000 0.007216
15.000000 0.006066
16.000000 0.005280
17.000000 0.004420
18.000000 0.003540
19.000000 0.003114
20.000000 0.002631
21.000000 0.002351
22.000000 0.002101
23.000000 0.001849
24.000000 0.001684
25.000000 0.001595
26.000000 0.001494
27.000000 0.001395
28.000000 0.001347
29.000000 0.001253
30.000000 0.001236
31.000000 0.001156
32.000000 0.001145
33.000000 0.001120
34.000000 0.001104
35.000000 0.001097
36.000000 0.001095
37.000000 0.001089
38.000000 0.001062
39.000000 0.001062
40.000000 0.001056
41.000000 0.001060
42.000000 0.001046
43.000000 0.001052
44.000000 0.001053
45.000000 0.001048
46.000000 0.001053
47.000000 0.001048
48.000000 0.001048
49.000000 0.001046
50.000000 0.001049
0.000000 0.318707
1.000000 0.270287
2.000000 0.212855
3.000000 0.169893
4.000000 0.142962
5.000000 0.103809
6.000000 0.086897
7.000000 0.069925
8.000000 0.053545
9.000000 0.042206
10.000000 0.034822
11.000000 0.028253
12.000000 0.022185
13.000000 0.017909
14.000000 0.014471
15.000000 0.012085
16.000000 0.009989
17.000000 0.007908
18.000000 0.006558
19.000000 0.005530
20.000000 0.004701
21.000000 0.003848
22.000000 0.003610
23.000000 0.003085
24.000000 0.002778
25.000000 0.002495
26.000000 0.002393
27.000000 0.002109
28.000000 0.001983
29.000000 0.001882
30.000000 0.001818
31.000000 0.001718
32.000000 0.001637
33.000000 0.001566
34.000000 0.001581
35.000000 0.001534
36.000000 0.001525
37.000000 0.001499
38.000000 0.001499
39.000000 0.001490
40.000000 0.001480
41.000000 0.001481
42.000000 0.001459
43.000000 0.001462
44.000000 0.001456
45.000000 0.001460
46.000000 0.001456
47.000000 0.001456
48.000000 0.001455
49.000000 0.001452
50.000000 0.001453
0.000000 0.640702
1.000000 0.541282
2.000000 0.426141
3.000000 0.338904
4.000000 0.278020
5.000000 0.210310
6.000000 0.177534
7.000000 0.133069
8.000000 0.105355
9.000000 0.086629
10.000000 0.069885
11.000000 0.055867
12.000000 0.043440
13.000000 0.036157
14.000000 0.029090
15.000000 0.023412
16.000000 0.019238
17.000000 0.016103
18.000000 0.012648
19.000000 0.011031
20.000000 0.009505
21.000000 0.008074
22.000000 0.006885
23.000000 0.006133
24.000000 0.005407
25.000000 0.005015
26.000000 0.004636
27.000000 0.004188
28.000000 0.004002
29.000000 0.003740
30.000000 0.003671
31.000000 0.003541
32.000000 0.003445
33.000000 0.003265
34.000000 0.003248
35.000000 0.003171
36.000000 0.003169
37.000000 0.003065
38.000000 0.003061
39.000000 0.003029
40.000000 0.003035
41.000000 0.003021
42.000000 0.003009
43.000000 0.002976
44.000000 0.002985
45.000000 0.002983
46.000000 0.002980
47.000000 0.002980
48.000000 0.002967
49.000000 0.002967
50.000000 0.002968
