0.000000 0.295425
1.000000 0.250541
2.000000 0.200074
3.000000 0.156516
4.000000 0.112718
5.000000 0.076040
6.000000 0.046469
7.000000 0.026619
8.000000 0.012702
9.000000 0.005184
10.000000 0.001864
11.000000 0.000389
12.000000 0.000100
13.000000 0.000010
14.000000 0.000000
15.000000 0.000000
16.000000 0.000000
17.000000 0.000000
18.000000 0.000000
19.000000 0.000000
20.000000 0.000000
21.000000 0.000000
22.000000 0.000000
23.000000 0.000000
24.000000 0.000000
25.000000 0.000000
26.000000 0.000000
27.000000 0.000000
28.000000 0.000000
29.000000 0.000000
30.000000 0.000000
31.000000 0.000000
32.000000 0.000000
33.000000 0.000000
34.000000 0.000000
35.000000 0.000000
36.000000 0.000000
37.000000 0.000000
38.000000 0.000000
39.000000 0.000000
40.000000 0.000000
41.000000 0.000000
42.000000 0.000000
43.000000 0.000000
44.000000 0.000000
45.000000 0.000000
46.000000 0.000000
47.000000 0.000000
48.000000 0.000000
49.000000 0.000000
50.000000 0.000000
0.000000 0.295116
1.000000 0.248886
2.000000 0.202825
3.000000 0.154053
4.000000 0.113516
5.000000 0.075571
6.000000 0.047945
7.000000 0.026360
8.000000 0.013160
9.000000 0.005025
10.000000 0.001874
11.000000 0.000439
12.000000 0.000060
13.000000 0.000010
14.000000 0.000000
15.000000 0.000000
16.000000 0.000000
17.000000 0.000000
18.000000 0.000000
19.000000 0.000000
20.000000 0.000000
21.000000 0.000000
22.000000 0.000000
23.000000 0.000000
24.000000 0.000000
25.000000 0.000000
26.000000 0.000000
27.000000 0.000000
28.000000 0.000000
29.000000 0.000000
30.000000 0.000000
31.000000 0.000000
32.000000 0.000000
33.000000 0.000000
34.000000 0.000000
35.000000 0.000000
36.000000 0.000000
37.000000 0.000000
38.000000 0.000000
39.000000 0.000000
40.000000 0.000000
41.000000 0.000000
42.000000 0.000000
43.000000 0.000000
44.000000 0.000000
45.000000 0.000000
46.000000 0.000000
47.000000 0.000000
48.000000 0.000000
49.000000 0.000000
50.000000 0.000000
0.000000 0.296890
1.000000 0.249813
2.000000 0.201460
3.000000 0.155389
4.000000 0.113426
5.000000 0.075003
6.000000 0.047157
7.000000 0.026739
8.000000 0.012871
9.000000 0.005424
10.000000 0.002153
11.000000 0.000568
12.000000 0.000349
13.000000 0.000110
14.000000 0.000169
15.000000 0.000080
16.000000 0.000070
17.000000 0.000020
18.000000 0.000030
19.000000 0.000000
20.000000 0.000010
21.000000 0.000000
22.000000 0.000010
23.000000 0.000000
24.000000 0.000000
25.000000 0.000000
26.000000 0.000000
27.000000 0.000000
28.000000 0.000000
29.000000 0.000000
30.000000 0.000000
31.000000 0.000000
32.000000 0.000000
33.000000 0.000000
34.000000 0.000000
35.000000 0.000000
36.000000 0.000000
37.000000 0.000000
38.000000 0.000000
39.000000 0.000000
40.000000 0.000000
41.000000 0.000000
42.000000 0.000000
43.000000 0.000000
44.000000 0.000000
45.000000 0.000000
46.000000 0.000000
47.000000 0.000000
48.000000 0.000000
49.000000 0.000000
50.000000 0.000000
0.000000 0.298496
1.000000 0.253053
2.000000 0.202616
3.000000 0.154681
4.000000 0.112728
5.000000 0.076289
6.000000 0.048563
7.000000 0.028504
8.000000 0.014815
9.000000 0.006779
10.000000 0.004137
11.000000 0.002473
12.000000 0.001984
13.000000 0.001785
14.000000 0.001635
15.000000 0.001745
16.000000 0.001824
17.000000 0.001785
18.000000 0.001884
19.000000 0.001705
20.000000 0.001765
21.000000 0.001675
22.000000 0.001695
23.000000 0.001765
24.000000 0.001874
25.000000 0.001775
26.000000 0.001844
27.000000 0.001874
28.000000 0.001874
29.000000 0.001874
30.000000 0.001884
31.000000 0.001904
32.000000 0.001944
33.000000 0.001924
34.000000 0.001954
35.000000 0.001924
36.000000 0.001954
37.000000 0.001944
38.000000 0.001954
39.000000 0.001954
40.000000 0.001954
41.000000 0.001954
42.000000 0.001954
43.000000 0.001954
44.000000 0.001954
45.000000 0.001954
46.000000 0.001954
47.000000 0.001954
48.000000 0.001954
49.000000 0.001954
50.000000 0.001954
0.000000 0.307409
1.000000 0.263123
2.000000 0.212127
3.000000 0.164651
4.000000 0.122698
5.000000 0.084135
6.000000 0.055502
7.000000 0.032721
8.000000 0.019182
9.000000 0.011685
10.000000 0.007178
11.000000 0.005613
12.000000 0.005095
13.000000 0.004766
14.000000 0.004855
15.000000 0.004915
16.000000 0.004985
17.000000 0.004865
18.000000 0.004726
19.000000 0.004905
20.000000 0.004915
21.000000 0.004885
22.000000 0.004995
23.000000 0.005035
24.000000 0.005214
25.000000 0.005274
26.000000 0.005204
27.000000 0.005204
28.000000 0.005224
29.000000 0.005304
30.000000 0.005424
31.000000 0.005324
32.000000 0.005424
33.000000 0.005374
34.000000 0.005344
35.000000 0.005424
36.000000 0.005344
37.000000 0.005384
38.000000 0.005394
39.000000 0.005374
40.000000 0.005374
41.000000 0.005374
42.000000 0.005374
43.000000 0.005374
44.000000 0.005374
45.000000 0.005374
46.000000 0.005374
47.000000 0.005374
48.000000 0.005374
49.000000 0.005374
50.000000 0.005374
0.000000 0.451751
1.000000 0.396568
2.000000 0.336640
3.000000 0.278396
4.000000 0.217740
5.000000 0.162238
6.000000 0.118621
7.000000 0.080277
8.000000 0.052541
9.000000 0.034805
10.000000 0.021804
11.000000 0.015772
12.000000 0.013409
13.000000 0.012741
14.000000 0.012143
15.000000 0.011974
16.000000 0.011784
17.000000 0.011685
18.000000 0.011405
19.000000 0.011565
20.000000 0.011336
21.000000 0.011685
22.000000 0.012163
23.000000 0.011715
24.000000 0.012024
25.000000 0.011994
26.000000 0.012034
27.000000 0.011974
28.000000 0.011944
29.000000 0.012343
30.000000 0.012243
31.000000 0.012412
32.000000 0.012382
33.000000 0.012682
34.000000 0.012662
35.000000 0.012811
36.000000 0.012891
37.000000 0.012981
38.000000 0.012991
39.000000 0.013031
40.000000 0.013140
41.000000 0.013100
42.000000 0.013160
43.000000 0.013180
44.000000 0.013190
45.000000 0.013180
46.000000 0.013190
47.000000 0.013190
48.000000 0.013190
49.000000 0.013190
50.000000 0.013190
0.000000 0.744953
1.000000 0.744624
2.000000 0.740417
3.000000 0.741822
4.000000 0.741533
5.000000 0.740237
6.000000 0.736090
7.000000 0.733308
8.000000 0.731264
9.000000 0.727556
10.000000 0.723917
11.000000 0.720567
12.000000 0.719769
13.000000 0.712681
14.000000 0.710627
15.000000 0.704745
16.000000 0.693429
17.000000 0.686909
18.000000 0.682333
19.000000 0.669950
20.000000 0.659552
21.000000 0.650908
22.000000 0.634268
23.000000 0.621397
24.000000 0.602016
25.000000 0.582824
26.000000 0.562306
27.000000 0.538658
28.000000 0.509197
29.000000 0.474522
30.000000 0.442549
31.000000 0.405990
32.000000 0.365842
33.000000 0.324158
34.000000 0.280779
35.000000 0.238976
36.000000 0.194371
37.000000 0.155539
38.000000 0.121781
39.000000 0.091523
40.000000 0.069260
41.000000 0.053707
42.000000 0.041714
43.000000 0.034735
44.000000 0.030926
45.000000 0.026908
46.000000 0.025772
47.000000 0.024087
48.000000 0.023798
49.000000 0.022881
50.000000 0.022542
