0.000000 0.508170
1.000000 0.475948
2.000000 0.423068
3.000000 0.366470
4.000000 0.306810
5.000000 0.241129
6.000000 0.187821
7.000000 0.127075
8.000000 0.085182
9.000000 0.048822
10.000000 0.027606
11.000000 0.013190
12.000000 0.005633
13.000000 0.002473
14.000000 0.000359
15.000000 0.000090
16.000000 0.000010
17.000000 0.000000
18.000000 0.000000
19.000000 0.000000
20.000000 0.000000
21.000000 0.000000
22.000000 0.000000
23.000000 0.000000
24.000000 0.000000
25.000000 0.000000
26.000000 0.000000
27.000000 0.000000
28.000000 0.000000
29.000000 0.000000
30.000000 0.000000
31.000000 0.000000
32.000000 0.000000
33.000000 0.000000
34.000000 0.000000
35.000000 0.000000
36.000000 0.000000
37.000000 0.000000
38.000000 0.000000
39.000000 0.000000
40.000000 0.000000
41.000000 0.000000
42.000000 0.000000
43.000000 0.000000
44.000000 0.000000
45.000000 0.000000
46.000000 0.000000
47.000000 0.000000
48.000000 0.000000
49.000000 0.000000
50.000000 0.000000
0.000000 0.503245
1.000000 0.462030
2.000000 0.421184
3.000000 0.349022
4.000000 0.302812
5.000000 0.228837
6.000000 0.180383
7.000000 0.119907
8.000000 0.077336
9.000000 0.049201
10.000000 0.028244
11.000000 0.013439
12.000000 0.004566
13.000000 0.002153
14.000000 0.000160
15.000000 0.000110
16.000000 0.000010
17.000000 0.000000
18.000000 0.000000
19.000000 0.000000
20.000000 0.000000
21.000000 0.000000
22.000000 0.000000
23.000000 0.000000
24.000000 0.000000
25.000000 0.000000
26.000000 0.000000
27.000000 0.000000
28.000000 0.000000
29.000000 0.000000
30.000000 0.000000
31.000000 0.000000
32.000000 0.000000
33.000000 0.000000
34.000000 0.000000
35.000000 0.000000
36.000000 0.000000
37.000000 0.000000
38.000000 0.000000
39.000000 0.000000
40.000000 0.000000
41.000000 0.000000
42.000000 0.000000
43.000000 0.000000
44.000000 0.000000
45.000000 0.000000
46.000000 0.000000
47.000000 0.000000
48.000000 0.000000
49.000000 0.000000
50.000000 0.000000
