0.000000 0.484193
1.000000 0.428083
2.000000 0.370757
3.000000 0.318465
4.000000 0.253691
5.000000 0.199306
6.000000 0.143695
7.000000 0.100565
8.000000 0.063906
9.000000 0.034366
10.000000 0.016390
11.000000 0.007637
12.000000 0.002443
13.000000 0.000728
14.000000 0.000090
15.000000 0.000020
16.000000 0.000010
17.000000 0.000000
18.000000 0.000000
19.000000 0.000000
20.000000 0.000000
21.000000 0.000000
22.000000 0.000000
23.000000 0.000000
24.000000 0.000000
25.000000 0.000000
26.000000 0.000000
27.000000 0.000000
28.000000 0.000000
29.000000 0.000000
30.000000 0.000000
31.000000 0.000000
32.000000 0.000000
33.000000 0.000000
34.000000 0.000000
35.000000 0.000000
36.000000 0.000000
37.000000 0.000000
38.000000 0.000000
39.000000 0.000000
40.000000 0.000000
41.000000 0.000000
42.000000 0.000000
43.000000 0.000000
44.000000 0.000000
45.000000 0.000000
46.000000 0.000000
47.000000 0.000000
48.000000 0.000000
49.000000 0.000000
50.000000 0.000000
0.000000 0.476666
1.000000 0.426627
2.000000 0.372402
3.000000 0.317677
4.000000 0.253163
5.000000 0.198509
6.000000 0.146835
7.000000 0.096458
8.000000 0.062172
9.000000 0.033179
10.000000 0.016919
11.000000 0.007816
12.000000 0.003290
13.000000 0.000459
14.000000 0.000209
15.000000 0.000000
16.000000 0.000000
17.000000 0.000000
18.000000 0.000000
19.000000 0.000000
20.000000 0.000000
21.000000 0.000000
22.000000 0.000000
23.000000 0.000000
24.000000 0.000000
25.000000 0.000000
26.000000 0.000000
27.000000 0.000000
28.000000 0.000000
29.000000 0.000000
30.000000 0.000000
31.000000 0.000000
32.000000 0.000000
33.000000 0.000000
34.000000 0.000000
35.000000 0.000000
36.000000 0.000000
37.000000 0.000000
38.000000 0.000000
39.000000 0.000000
40.000000 0.000000
41.000000 0.000000
42.000000 0.000000
43.000000 0.000000
44.000000 0.000000
45.000000 0.000000
46.000000 0.000000
47.000000 0.000000
48.000000 0.000000
49.000000 0.000000
50.000000 0.000000
0.000000 0.481521
1.000000 0.432739
2.000000 0.376489
3.000000 0.314288
4.000000 0.253332
5.000000 0.196325
6.000000 0.143964
7.000000 0.098900
8.000000 0.060447
9.000000 0.034874
10.000000 0.019511
11.000000 0.008115
12.000000 0.002841
13.000000 0.000728
14.000000 0.000130
15.000000 0.000020
16.000000 0.000000
17.000000 0.000000
18.000000 0.000000
19.000000 0.000000
20.000000 0.000000
21.000000 0.000000
22.000000 0.000000
23.000000 0.000000
24.000000 0.000000
25.000000 0.000000
26.000000 0.000000
27.000000 0.000000
28.000000 0.000000
29.000000 0.000000
30.000000 0.000000
31.000000 0.000000
32.000000 0.000000
33.000000 0.000000
34.000000 0.000000
35.000000 0.000000
36.000000 0.000000
37.000000 0.000000
38.000000 0.000000
39.000000 0.000000
40.000000 0.000000
41.000000 0.000000
42.000000 0.000000
43.000000 0.000000
44.000000 0.000000
45.000000 0.000000
46.000000 0.000000
47.000000 0.000000
48.000000 0.000000
49.000000 0.000000
50.000000 0.000000
0.000000 0.470455
1.000000 0.430565
2.000000 0.366131
3.000000 0.322433
4.000000 0.258507
5.000000 0.193244
6.000000 0.141950
7.000000 0.101642
8.000000 0.065133
9.000000 0.035423
10.000000 0.018803
11.000000 0.008046
12.000000 0.003190
13.000000 0.000598
14.000000 0.000179
15.000000 0.000090
16.000000 0.000000
17.000000 0.000000
18.000000 0.000000
19.000000 0.000000
20.000000 0.000000
21.000000 0.000000
22.000000 0.000000
23.000000 0.000000
24.000000 0.000000
25.000000 0.000000
26.000000 0.000000
27.000000 0.000000
28.000000 0.000000
29.000000 0.000000
30.000000 0.000000
31.000000 0.000000
32.000000 0.000000
33.000000 0.000000
34.000000 0.000000
35.000000 0.000000
36.000000 0.000000
37.000000 0.000000
38.000000 0.000000
39.000000 0.000000
40.000000 0.000000
41.000000 0.000000
42.000000 0.000000
43.000000 0.000000
44.000000 0.000000
45.000000 0.000000
46.000000 0.000000
47.000000 0.000000
48.000000 0.000000
49.000000 0.000000
50.000000 0.000000
0.000000 0.483545
1.000000 0.431273
2.000000 0.375223
3.000000 0.306721
4.000000 0.258078
5.000000 0.201131
6.000000 0.154512
7.000000 0.106039
8.000000 0.063218
9.000000 0.038453
10.000000 0.020498
11.000000 0.009850
12.000000 0.004995
13.000000 0.002183
14.000000 0.000907
15.000000 0.001346
16.000000 0.000698
17.000000 0.000100
18.000000 0.000508
19.000000 0.000050
20.000000 0.000000
21.000000 0.000000
22.000000 0.000000
23.000000 0.000000
24.000000 0.000000
25.000000 0.000000
26.000000 0.000000
27.000000 0.000000
28.000000 0.000000
29.000000 0.000000
30.000000 0.000000
31.000000 0.000000
32.000000 0.000000
33.000000 0.000000
34.000000 0.000000
35.000000 0.000000
36.000000 0.000000
37.000000 0.000000
38.000000 0.000000
39.000000 0.000000
40.000000 0.000000
41.000000 0.000000
42.000000 0.000000
43.000000 0.000000
44.000000 0.000000
45.000000 0.000000
46.000000 0.000000
47.000000 0.000000
48.000000 0.000000
49.000000 0.000000
50.000000 0.000000
0.000000 0.479128
1.000000 0.444035
2.000000 0.384874
3.000000 0.331216
4.000000 0.271308
5.000000 0.215318
6.000000 0.161840
7.000000 0.108621
8.000000 0.074504
9.000000 0.045253
10.000000 0.028544
11.000000 0.016131
12.000000 0.010568
13.000000 0.008464
14.000000 0.005643
15.000000 0.005723
16.000000 0.006012
17.000000 0.005463
18.000000 0.004287
19.000000 0.003519
20.000000 0.003350
21.000000 0.002054
22.000000 0.002054
23.000000 0.002004
24.000000 0.000638
25.000000 0.001416
26.000000 0.000628
27.000000 0.000199
28.000000 0.000050
29.000000 0.000030
30.000000 0.000020
31.000000 0.000000
32.000000 0.000000
33.000000 0.000000
34.000000 0.000010
35.000000 0.000000
36.000000 0.000000
37.000000 0.000000
38.000000 0.000000
39.000000 0.000000
40.000000 0.000000
41.000000 0.000000
42.000000 0.000000
43.000000 0.000000
44.000000 0.000000
45.000000 0.000000
46.000000 0.000000
47.000000 0.000000
48.000000 0.000000
49.000000 0.000000
50.000000 0.000000
0.000000 0.623391
1.000000 0.581199
2.000000 0.540103
3.000000 0.476137
4.000000 0.423347
5.000000 0.348444
6.000000 0.288047
7.000000 0.219545
8.000000 0.155808
9.000000 0.122279
10.000000 0.082450
11.000000 0.056369
12.000000 0.036031
13.000000 0.026689
14.000000 0.021963
15.000000 0.019850
16.000000 0.018414
17.000000 0.017367
18.000000 0.017337
19.000000 0.018644
20.000000 0.016211
21.000000 0.015942
22.000000 0.015144
23.000000 0.014157
24.000000 0.013589
25.000000 0.013190
26.000000 0.012193
27.000000 0.008395
28.000000 0.009102
29.000000 0.007756
30.000000 0.006999
31.000000 0.005194
32.000000 0.004666
33.000000 0.003479
34.000000 0.002193
35.000000 0.002024
36.000000 0.001246
37.000000 0.000738
38.000000 0.000568
39.000000 0.000239
40.000000 0.000199
41.000000 0.000140
42.000000 0.000010
43.000000 0.000000
44.000000 0.000000
45.000000 0.000000
46.000000 0.000000
47.000000 0.000000
48.000000 0.000000
49.000000 0.000000
50.000000 0.000000
