0.000000 0.302921
1.000000 0.253151
2.000000 0.203478
3.000000 0.159199
4.000000 0.115877
5.000000 0.079785
6.000000 0.049399
7.000000 0.027533
8.000000 0.013561
9.000000 0.005491
10.000000 0.001817
11.000000 0.000664
12.000000 0.000078
13.000000 0.000000
14.000000 0.000000
15.000000 0.000000
16.000000 0.000000
17.000000 0.000000
18.000000 0.000000
19.000000 0.000000
20.000000 0.000000
21.000000 0.000000
22.000000 0.000000
23.000000 0.000000
24.000000 0.000000
25.000000 0.000000
26.000000 0.000000
27.000000 0.000000
28.000000 0.000000
29.000000 0.000000
30.000000 0.000000
31.000000 0.000000
32.000000 0.000000
33.000000 0.000000
34.000000 0.000000
35.000000 0.000000
36.000000 0.000000
37.000000 0.000000
38.000000 0.000000
39.000000 0.000000
40.000000 0.000000
41.000000 0.000000
42.000000 0.000000
43.000000 0.000000
44.000000 0.000000
45.000000 0.000000
46.000000 0.000000
47.000000 0.000000
48.000000 0.000000
49.000000 0.000000
50.000000 0.000000
0.000000 0.300772
1.000000 0.253405
2.000000 0.203400
3.000000 0.159375
4.000000 0.115779
5.000000 0.077792
6.000000 0.049614
7.000000 0.026790
8.000000 0.013972
9.000000 0.005217
10.000000 0.001915
11.000000 0.000684
12.000000 0.000098
13.000000 0.000000
14.000000 0.000000
15.000000 0.000000
16.000000 0.000000
17.000000 0.000000
18.000000 0.000000
19.000000 0.000000
20.000000 0.000000
21.000000 0.000000
22.000000 0.000000
23.000000 0.000000
24.000000 0.000000
25.000000 0.000000
26.000000 0.000000
27.000000 0.000000
28.000000 0.000000
29.000000 0.000000
30.000000 0.000000
31.000000 0.000000
32.000000 0.000000
33.000000 0.000000
34.000000 0.000000
35.000000 0.000000
36.000000 0.000000
37.000000 0.000000
38.000000 0.000000
39.000000 0.000000
40.000000 0.000000
41.000000 0.000000
42.000000 0.000000
43.000000 0.000000
44.000000 0.000000
45.000000 0.000000
46.000000 0.000000
47.000000 0.000000
48.000000 0.000000
49.000000 0.000000
50.000000 0.000000
0.000000 0.297196
1.000000 0.254871
2.000000 0.203341
3.000000 0.157303
4.000000 0.112731
5.000000 0.075388
6.000000 0.047465
7.000000 0.027064
8.000000 0.012741
9.000000 0.005452
10.000000 0.001759
11.000000 0.000664
12.000000 0.000117
13.000000 0.000020
14.000000 0.000000
15.000000 0.000000
16.000000 0.000000
17.000000 0.000000
18.000000 0.000000
19.000000 0.000000
20.000000 0.000000
21.000000 0.000000
22.000000 0.000000
23.000000 0.000000
24.000000 0.000000
25.000000 0.000000
26.000000 0.000000
27.000000 0.000000
28.000000 0.000000
29.000000 0.000000
30.000000 0.000000
31.000000 0.000000
32.000000 0.000000
33.000000 0.000000
34.000000 0.000000
35.000000 0.000000
36.000000 0.000000
37.000000 0.000000
38.000000 0.000000
39.000000 0.000000
40.000000 0.000000
41.000000 0.000000
42.000000 0.000000
43.000000 0.000000
44.000000 0.000000
45.000000 0.000000
46.000000 0.000000
47.000000 0.000000
48.000000 0.000000
49.000000 0.000000
50.000000 0.000000
0.000000 0.301378
1.000000 0.254656
2.000000 0.205042
3.000000 0.160332
4.000000 0.115662
5.000000 0.079590
6.000000 0.049516
7.000000 0.027807
8.000000 0.013542
9.000000 0.005765
10.000000 0.002384
11.000000 0.000997
12.000000 0.000489
13.000000 0.000098
14.000000 0.000078
15.000000 0.000059
16.000000 0.000293
17.000000 0.000000
18.000000 0.000000
19.000000 0.000020
20.000000 0.000000
21.000000 0.000000
22.000000 0.000000
23.000000 0.000000
24.000000 0.000000
25.000000 0.000000
26.000000 0.000000
27.000000 0.000000
28.000000 0.000000
29.000000 0.000000
30.000000 0.000000
31.000000 0.000000
32.000000 0.000000
33.000000 0.000000
34.000000 0.000000
35.000000 0.000000
36.000000 0.000000
37.000000 0.000000
38.000000 0.000000
39.000000 0.000000
40.000000 0.000000
41.000000 0.000000
42.000000 0.000000
43.000000 0.000000
44.000000 0.000000
45.000000 0.000000
46.000000 0.000000
47.000000 0.000000
48.000000 0.000000
49.000000 0.000000
50.000000 0.000000
0.000000 0.302609
1.000000 0.252623
2.000000 0.204690
3.000000 0.161075
4.000000 0.117088
5.000000 0.080821
6.000000 0.051646
7.000000 0.029292
8.000000 0.015828
9.000000 0.008559
10.000000 0.004084
11.000000 0.003283
12.000000 0.002560
13.000000 0.002443
14.000000 0.002677
15.000000 0.002345
16.000000 0.002462
17.000000 0.002364
18.000000 0.002540
19.000000 0.002228
20.000000 0.002267
21.000000 0.002384
22.000000 0.002423
23.000000 0.002462
24.000000 0.002697
25.000000 0.002247
26.000000 0.002658
27.000000 0.002286
28.000000 0.002638
29.000000 0.002364
30.000000 0.002149
31.000000 0.002423
32.000000 0.002462
33.000000 0.002404
34.000000 0.002364
35.000000 0.002540
36.000000 0.002482
37.000000 0.002658
38.000000 0.002384
39.000000 0.002404
40.000000 0.002384
41.000000 0.002482
42.000000 0.002462
43.000000 0.002423
44.000000 0.002443
45.000000 0.002443
46.000000 0.002443
47.000000 0.002443
48.000000 0.002443
49.000000 0.002443
50.000000 0.002443
0.000000 0.302316
1.000000 0.258095
2.000000 0.208950
3.000000 0.164768
4.000000 0.123029
5.000000 0.084866
6.000000 0.057880
7.000000 0.035916
8.000000 0.021085
9.000000 0.013933
10.000000 0.010689
11.000000 0.009907
12.000000 0.008481
13.000000 0.008832
14.000000 0.008344
15.000000 0.008539
16.000000 0.008285
17.000000 0.008403
18.000000 0.008696
19.000000 0.008578
20.000000 0.008578
21.000000 0.008344
22.000000 0.008911
23.000000 0.008950
24.000000 0.008500
25.000000 0.009282
26.000000 0.009301
27.000000 0.009399
28.000000 0.009653
29.000000 0.009790
30.000000 0.009634
31.000000 0.009673
32.000000 0.009849
33.000000 0.009868
34.000000 0.010024
35.000000 0.009966
36.000000 0.009946
37.000000 0.010024
38.000000 0.010005
39.000000 0.009888
40.000000 0.010005
41.000000 0.010005
42.000000 0.010103
43.000000 0.010024
44.000000 0.010083
45.000000 0.010005
46.000000 0.009966
47.000000 0.009966
48.000000 0.010044
49.000000 0.010064
50.000000 0.010064
0.000000 0.307826
1.000000 0.264426
2.000000 0.217450
3.000000 0.171314
4.000000 0.132350
5.000000 0.097938
6.000000 0.067709
7.000000 0.047855
8.000000 0.034470
9.000000 0.027338
10.000000 0.022960
11.000000 0.022452
12.000000 0.021163
13.000000 0.022237
14.000000 0.021827
15.000000 0.021378
16.000000 0.021085
17.000000 0.020791
18.000000 0.021085
19.000000 0.021104
20.000000 0.021632
21.000000 0.021417
22.000000 0.021319
23.000000 0.021085
24.000000 0.021729
25.000000 0.021788
26.000000 0.022198
27.000000 0.022589
28.000000 0.022804
29.000000 0.022824
30.000000 0.022863
31.000000 0.023273
32.000000 0.023762
33.000000 0.024289
34.000000 0.024328
35.000000 0.024191
36.000000 0.024660
37.000000 0.025012
38.000000 0.025540
39.000000 0.025208
40.000000 0.025696
41.000000 0.025579
42.000000 0.025852
43.000000 0.025852
44.000000 0.025989
45.000000 0.026028
46.000000 0.026087
47.000000 0.026282
48.000000 0.026263
49.000000 0.026302
50.000000 0.026224
