0.000000 0.322286
1.000000 0.275056
2.000000 0.228530
3.000000 0.180147
4.000000 0.136258
5.000000 0.095476
6.000000 0.064250
7.000000 0.037147
8.000000 0.019443
9.000000 0.008481
10.000000 0.003459
11.000000 0.000938
12.000000 0.000254
13.000000 0.000020
14.000000 0.000000
15.000000 0.000000
16.000000 0.000000
17.000000 0.000000
18.000000 0.000000
19.000000 0.000000
20.000000 0.000000
21.000000 0.000000
22.000000 0.000000
23.000000 0.000000
24.000000 0.000000
25.000000 0.000000
26.000000 0.000000
27.000000 0.000000
28.000000 0.000000
29.000000 0.000000
30.000000 0.000000
31.000000 0.000000
32.000000 0.000000
33.000000 0.000000
34.000000 0.000000
35.000000 0.000000
36.000000 0.000000
37.000000 0.000000
38.000000 0.000000
39.000000 0.000000
40.000000 0.000000
41.000000 0.000000
42.000000 0.000000
43.000000 0.000000
44.000000 0.000000
45.000000 0.000000
46.000000 0.000000
47.000000 0.000000
48.000000 0.000000
49.000000 0.000000
50.000000 0.000000
0.000000 0.338740
1.000000 0.292428
2.000000 0.242599
3.000000 0.199590
4.000000 0.151871
5.000000 0.108705
6.000000 0.074450
7.000000 0.045608
8.000000 0.025598
9.000000 0.011666
10.000000 0.004612
11.000000 0.001778
12.000000 0.000371
13.000000 0.000039
14.000000 0.000000
15.000000 0.000000
16.000000 0.000000
17.000000 0.000000
18.000000 0.000000
19.000000 0.000000
20.000000 0.000000
21.000000 0.000000
22.000000 0.000000
23.000000 0.000000
24.000000 0.000000
25.000000 0.000000
26.000000 0.000000
27.000000 0.000000
28.000000 0.000000
29.000000 0.000000
30.000000 0.000000
31.000000 0.000000
32.000000 0.000000
33.000000 0.000000
34.000000 0.000000
35.000000 0.000000
36.000000 0.000000
37.000000 0.000000
38.000000 0.000000
39.000000 0.000000
40.000000 0.000000
41.000000 0.000000
42.000000 0.000000
43.000000 0.000000
44.000000 0.000000
45.000000 0.000000
46.000000 0.000000
47.000000 0.000000
48.000000 0.000000
49.000000 0.000000
50.000000 0.000000
0.000000 0.426751
1.000000 0.392711
2.000000 0.342081
3.000000 0.297528
4.000000 0.242775
5.000000 0.200352
6.000000 0.155232
7.000000 0.112868
8.000000 0.075857
9.000000 0.046019
10.000000 0.026439
11.000000 0.012819
12.000000 0.005471
13.000000 0.001954
14.000000 0.000391
15.000000 0.000098
16.000000 0.000020
17.000000 0.000000
18.000000 0.000000
19.000000 0.000000
20.000000 0.000000
21.000000 0.000000
22.000000 0.000000
23.000000 0.000000
24.000000 0.000000
25.000000 0.000000
26.000000 0.000000
27.000000 0.000000
28.000000 0.000000
29.000000 0.000000
30.000000 0.000000
31.000000 0.000000
32.000000 0.000000
33.000000 0.000000
34.000000 0.000000
35.000000 0.000000
36.000000 0.000000
37.000000 0.000000
38.000000 0.000000
39.000000 0.000000
40.000000 0.000000
41.000000 0.000000
42.000000 0.000000
43.000000 0.000000
44.000000 0.000000
45.000000 0.000000
46.000000 0.000000
47.000000 0.000000
48.000000 0.000000
49.000000 0.000000
50.000000 0.000000
0.000000 0.468745
1.000000 0.430484
2.000000 0.389409
3.000000 0.343410
4.000000 0.294597
5.000000 0.245667
6.000000 0.199785
7.000000 0.148647
8.000000 0.108784
9.000000 0.071050
10.000000 0.044416
11.000000 0.024074
12.000000 0.011627
13.000000 0.005002
14.000000 0.001485
15.000000 0.000274
16.000000 0.000156
17.000000 0.000000
18.000000 0.000000
19.000000 0.000000
20.000000 0.000000
21.000000 0.000000
22.000000 0.000000
23.000000 0.000000
24.000000 0.000000
25.000000 0.000000
26.000000 0.000000
27.000000 0.000000
28.000000 0.000000
29.000000 0.000000
30.000000 0.000000
31.000000 0.000000
32.000000 0.000000
33.000000 0.000000
34.000000 0.000000
35.000000 0.000000
36.000000 0.000000
37.000000 0.000000
38.000000 0.000000
39.000000 0.000000
40.000000 0.000000
41.000000 0.000000
42.000000 0.000000
43.000000 0.000000
44.000000 0.000000
45.000000 0.000000
46.000000 0.000000
47.000000 0.000000
48.000000 0.000000
49.000000 0.000000
50.000000 0.000000
0.000000 0.578505
1.000000 0.553845
2.000000 0.523498
3.000000 0.489008
4.000000 0.455809
5.000000 0.413776
6.000000 0.366644
7.000000 0.326097
8.000000 0.273219
9.000000 0.224934
10.000000 0.175300
11.000000 0.130572
12.000000 0.090728
13.000000 0.058544
14.000000 0.033571
15.000000 0.017548
16.000000 0.007132
17.000000 0.002755
18.000000 0.000606
19.000000 0.000176
20.000000 0.000020
21.000000 0.000000
22.000000 0.000000
23.000000 0.000000
24.000000 0.000000
25.000000 0.000000
26.000000 0.000000
27.000000 0.000000
28.000000 0.000000
29.000000 0.000000
30.000000 0.000000
31.000000 0.000000
32.000000 0.000000
33.000000 0.000000
34.000000 0.000000
35.000000 0.000000
36.000000 0.000000
37.000000 0.000000
38.000000 0.000000
39.000000 0.000000
40.000000 0.000000
41.000000 0.000000
42.000000 0.000000
43.000000 0.000000
44.000000 0.000000
45.000000 0.000000
46.000000 0.000000
47.000000 0.000000
48.000000 0.000000
49.000000 0.000000
50.000000 0.000000
0.000000 0.560684
1.000000 0.533288
2.000000 0.493327
3.000000 0.449907
4.000000 0.404866
5.000000 0.354978
6.000000 0.303488
7.000000 0.254734
8.000000 0.199336
9.000000 0.148959
10.000000 0.105970
11.000000 0.068490
12.000000 0.041036
13.000000 0.022277
14.000000 0.010454
15.000000 0.003713
16.000000 0.001290
17.000000 0.000430
18.000000 0.000039
19.000000 0.000000
20.000000 0.000000
21.000000 0.000000
22.000000 0.000000
23.000000 0.000000
24.000000 0.000000
25.000000 0.000000
26.000000 0.000000
27.000000 0.000000
28.000000 0.000000
29.000000 0.000000
30.000000 0.000000
31.000000 0.000000
32.000000 0.000000
33.000000 0.000000
34.000000 0.000000
35.000000 0.000000
36.000000 0.000000
37.000000 0.000000
38.000000 0.000000
39.000000 0.000000
40.000000 0.000000
41.000000 0.000000
42.000000 0.000000
43.000000 0.000000
44.000000 0.000000
45.000000 0.000000
46.000000 0.000000
47.000000 0.000000
48.000000 0.000000
49.000000 0.000000
50.000000 0.000000
0.000000 0.657294
1.000000 0.642169
2.000000 0.619091
3.000000 0.593923
4.000000 0.565120
5.000000 0.527640
6.000000 0.488930
7.000000 0.448090
8.000000 0.402638
9.000000 0.351851
10.000000 0.302706
11.000000 0.252975
12.000000 0.200801
13.000000 0.150796
14.000000 0.107865
15.000000 0.070054
16.000000 0.041348
17.000000 0.022218
18.000000 0.010904
19.000000 0.003498
20.000000 0.001192
21.000000 0.000274
22.000000 0.000000
23.000000 0.000000
24.000000 0.000000
25.000000 0.000000
26.000000 0.000000
27.000000 0.000000
28.000000 0.000000
29.000000 0.000000
30.000000 0.000000
31.000000 0.000000
32.000000 0.000000
33.000000 0.000000
34.000000 0.000000
35.000000 0.000000
36.000000 0.000000
37.000000 0.000000
38.000000 0.000000
39.000000 0.000000
40.000000 0.000000
41.000000 0.000000
42.000000 0.000000
43.000000 0.000000
44.000000 0.000000
45.000000 0.000000
46.000000 0.000000
47.000000 0.000000
48.000000 0.000000
49.000000 0.000000
50.000000 0.000000
