0.000000 0.482838
1.000000 0.412578
2.000000 0.369128
3.000000 0.255717
4.000000 0.226560
5.000000 0.156301
6.000000 0.134441
7.000000 0.111101
8.000000 0.042571
9.000000 0.054296
10.000000 0.018602
11.000000 0.010795
12.000000 0.001979
13.000000 0.000390
14.000000 0.000050
15.000000 0.000000
16.000000 0.000000
17.000000 0.000000
18.000000 0.000000
19.000000 0.000000
20.000000 0.000000
21.000000 0.000000
22.000000 0.000000
23.000000 0.000000
24.000000 0.000000
25.000000 0.000000
26.000000 0.000000
27.000000 0.000000
28.000000 0.000000
29.000000 0.000000
30.000000 0.000000
31.000000 0.000000
32.000000 0.000000
33.000000 0.000000
34.000000 0.000000
35.000000 0.000000
36.000000 0.000000
37.000000 0.000000
38.000000 0.000000
39.000000 0.000000
40.000000 0.000000
41.000000 0.000000
42.000000 0.000000
43.000000 0.000000
44.000000 0.000000
45.000000 0.000000
46.000000 0.000000
47.000000 0.000000
48.000000 0.000000
49.000000 0.000000
50.000000 0.000000
0.000000 0.427042
1.000000 0.403003
2.000000 0.319749
3.000000 0.260885
4.000000 0.240664
5.000000 0.154612
6.000000 0.129093
7.000000 0.093889
8.000000 0.072888
9.000000 0.026358
10.000000 0.027108
11.000000 0.011435
12.000000 0.002889
13.000000 0.000590
14.000000 0.000020
15.000000 0.000130
16.000000 0.000020
17.000000 0.000000
18.000000 0.000000
19.000000 0.000000
20.000000 0.000000
21.000000 0.000000
22.000000 0.000000
23.000000 0.000000
24.000000 0.000000
25.000000 0.000000
26.000000 0.000000
27.000000 0.000000
28.000000 0.000000
29.000000 0.000000
30.000000 0.000000
31.000000 0.000000
32.000000 0.000000
33.000000 0.000000
34.000000 0.000000
35.000000 0.000000
36.000000 0.000000
37.000000 0.000000
38.000000 0.000000
39.000000 0.000000
40.000000 0.000000
41.000000 0.000000
42.000000 0.000000
43.000000 0.000000
44.000000 0.000000
45.000000 0.000000
46.000000 0.000000
47.000000 0.000000
48.000000 0.000000
49.000000 0.000000
50.000000 0.000000
0.000000 0.461007
1.000000 0.438887
2.000000 0.331544
3.000000 0.380663
4.000000 0.274379
5.000000 0.205190
6.000000 0.190726
7.000000 0.093439
8.000000 0.079695
9.000000 0.047219
10.000000 0.044800
11.000000 0.032746
12.000000 0.023750
13.000000 0.028168
14.000000 0.015953
15.000000 0.015813
16.000000 0.028897
17.000000 0.013624
18.000000 0.013104
19.000000 0.014384
20.000000 0.018522
21.000000 0.012365
22.000000 0.005628
23.000000 0.014883
24.000000 0.014214
25.000000 0.003339
26.000000 0.001989
27.000000 0.003488
28.000000 0.001539
29.000000 0.000650
30.000000 0.001030
31.000000 0.000090
32.000000 0.000010
33.000000 0.000910
34.000000 0.000000
35.000000 0.000000
36.000000 0.000000
37.000000 0.000000
38.000000 0.000000
39.000000 0.000000
40.000000 0.000000
41.000000 0.000000
42.000000 0.000000
43.000000 0.000000
44.000000 0.000000
45.000000 0.000000
46.000000 0.000000
47.000000 0.000000
48.000000 0.000000
49.000000 0.000000
50.000000 0.000000
0.000000 0.476920
1.000000 0.513144
2.000000 0.391318
3.000000 0.338841
4.000000 0.288243
5.000000 0.240434
6.000000 0.200762
7.000000 0.131942
8.000000 0.112271
9.000000 0.105414
10.000000 0.083223
11.000000 0.081274
12.000000 0.070059
13.000000 0.076156
14.000000 0.070909
15.000000 0.064362
16.000000 0.064042
17.000000 0.057725
18.000000 0.066101
19.000000 0.055356
20.000000 0.062383
21.000000 0.060573
22.000000 0.052837
23.000000 0.063522
24.000000 0.054146
25.000000 0.043891
26.000000 0.047739
27.000000 0.041152
28.000000 0.045210
29.000000 0.051008
30.000000 0.049918
31.000000 0.031266
32.000000 0.029607
33.000000 0.019911
34.000000 0.024069
35.000000 0.021810
36.000000 0.021401
37.000000 0.019821
38.000000 0.010525
39.000000 0.006687
40.000000 0.003039
41.000000 0.000970
42.000000 0.003309
43.000000 0.000240
44.000000 0.000380
45.000000 0.000000
46.000000 0.000010
47.000000 0.000000
48.000000 0.000000
49.000000 0.000000
50.000000 0.000000
0.000000 0.706629
1.000000 0.722222
2.000000 0.670115
3.000000 0.642107
4.000000 0.568000
5.000000 0.570609
6.000000 0.511485
7.000000 0.489944
8.000000 0.450982
9.000000 0.351695
10.000000 0.383611
11.000000 0.303047
12.000000 0.257167
13.000000 0.233667
14.000000 0.224281
15.000000 0.204600
16.000000 0.200742
17.000000 0.197203
18.000000 0.198663
19.000000 0.183519
20.000000 0.176712
21.000000 0.164568
22.000000 0.157511
23.000000 0.140878
24.000000 0.133881
25.000000 0.145346
26.000000 0.141788
27.000000 0.103724
28.000000 0.106823
29.000000 0.073608
30.000000 0.081164
31.000000 0.085472
32.000000 0.047569
33.000000 0.028877
34.000000 0.035474
35.000000 0.017272
36.000000 0.009176
37.000000 0.009916
38.000000 0.002919
39.000000 0.000980
40.000000 0.000260
41.000000 0.000880
42.000000 0.000030
43.000000 0.000000
44.000000 0.000010
45.000000 0.000000
46.000000 0.000000
47.000000 0.000000
48.000000 0.000000
49.000000 0.000000
50.000000 0.000000
