0.000000 0.985041
1.000000 0.787465
2.000000 0.624323
3.000000 0.494388
4.000000 0.393810
5.000000 0.309989
6.000000 0.247037
7.000000 0.196718
8.000000 0.156228
9.000000 0.124153
10.000000 0.098790
11.000000 0.078245
12.000000 0.062137
13.000000 0.049304
14.000000 0.039397
15.000000 0.031105
16.000000 0.024749
17.000000 0.019641
18.000000 0.015636
19.000000 0.012423
20.000000 0.009827
21.000000 0.007848
22.000000 0.006233
23.000000 0.004915
24.000000 0.003914
25.000000 0.003123
26.000000 0.002481
27.000000 0.001970
28.000000 0.001568
29.000000 0.001244
30.000000 0.000990
31.000000 0.000781
32.000000 0.000621
33.000000 0.000495
34.000000 0.000394
35.000000 0.000313
36.000000 0.000250
37.000000 0.000199
38.000000 0.000159
39.000000 0.000127
40.000000 0.000101
41.000000 0.000081
42.000000 0.000065
43.000000 0.000052
44.000000 0.000043
45.000000 0.000035
46.000000 0.000028
47.000000 0.000023
48.000000 0.000019
49.000000 0.000016
50.000000 0.000014
0.000000 0.739940
1.000000 0.592001
2.000000 0.470381
3.000000 0.373507
4.000000 0.296410
5.000000 0.234835
6.000000 0.186091
7.000000 0.148398
8.000000 0.117361
9.000000 0.093335
10.000000 0.074693
11.000000 0.059093
12.000000 0.046814
13.000000 0.037417
14.000000 0.029680
15.000000 0.023572
16.000000 0.018869
17.000000 0.014970
18.000000 0.011936
19.000000 0.009536
20.000000 0.007591
21.000000 0.006107
22.000000 0.004918
23.000000 0.003905
24.000000 0.003144
25.000000 0.002556
26.000000 0.002091
27.000000 0.001705
28.000000 0.001398
29.000000 0.001155
30.000000 0.000958
31.000000 0.000801
32.000000 0.000681
33.000000 0.000584
34.000000 0.000511
35.000000 0.000451
36.000000 0.000402
37.000000 0.000364
38.000000 0.000337
39.000000 0.000310
40.000000 0.000291
41.000000 0.000276
42.000000 0.000264
43.000000 0.000254
44.000000 0.000248
45.000000 0.000240
46.000000 0.000236
47.000000 0.000233
48.000000 0.000229
49.000000 0.000227
50.000000 0.000225
0.000000 0.677381
1.000000 0.545101
2.000000 0.435599
3.000000 0.344787
4.000000 0.276385
5.000000 0.217935
6.000000 0.172322
7.000000 0.137357
8.000000 0.108468
9.000000 0.086746
10.000000 0.068643
11.000000 0.054410
12.000000 0.043242
13.000000 0.034591
14.000000 0.027617
15.000000 0.021722
16.000000 0.017804
17.000000 0.013822
18.000000 0.011072
19.000000 0.008963
20.000000 0.007076
21.000000 0.005716
22.000000 0.004608
23.000000 0.003681
24.000000 0.002984
25.000000 0.002415
26.000000 0.001995
27.000000 0.001622
28.000000 0.001354
29.000000 0.001128
30.000000 0.000949
31.000000 0.000799
32.000000 0.000696
33.000000 0.000596
34.000000 0.000537
35.000000 0.000479
36.000000 0.000430
37.000000 0.000396
38.000000 0.000368
39.000000 0.000349
40.000000 0.000328
41.000000 0.000316
42.000000 0.000303
43.000000 0.000294
44.000000 0.000289
45.000000 0.000282
46.000000 0.000278
47.000000 0.000274
48.000000 0.000272
49.000000 0.000271
50.000000 0.000269
0.000000 0.687382
1.000000 0.573484
2.000000 0.444009
3.000000 0.361589
4.000000 0.286062
5.000000 0.223517
6.000000 0.175876
7.000000 0.140720
8.000000 0.111513
9.000000 0.088618
10.000000 0.072020
11.000000 0.056596
12.000000 0.046052
13.000000 0.036203
14.000000 0.028986
15.000000 0.022848
16.000000 0.020030
17.000000 0.014345
18.000000 0.011801
19.000000 0.009948
20.000000 0.008438
21.000000 0.006684
22.000000 0.005232
23.000000 0.004657
24.000000 0.003699
25.000000 0.003227
26.000000 0.002784
27.000000 0.002420
28.000000 0.002172
29.000000 0.001905
30.000000 0.001714
31.000000 0.001663
32.000000 0.001473
33.000000 0.001414
34.000000 0.001276
35.000000 0.001261
36.000000 0.001249
37.000000 0.001200
38.000000 0.001181
39.000000 0.001170
40.000000 0.001126
41.000000 0.001103
42.000000 0.001099
43.000000 0.001100
44.000000 0.001087
45.000000 0.001083
46.000000 0.001074
47.000000 0.001065
48.000000 0.001067
49.000000 0.001068
50.000000 0.001068
0.000000 0.868347
1.000000 0.822053
2.000000 0.584096
3.000000 0.486786
4.000000 0.431024
5.000000 0.297337
6.000000 0.246143
7.000000 0.214343
8.000000 0.159170
9.000000 0.130295
10.000000 0.108490
11.000000 0.093524
12.000000 0.078897
13.000000 0.067322
14.000000 0.061908
15.000000 0.048802
16.000000 0.052294
17.000000 0.040486
18.000000 0.043317
19.000000 0.035128
20.000000 0.031244
21.000000 0.029197
22.000000 0.029825
23.000000 0.027306
24.000000 0.029359
25.000000 0.026059
26.000000 0.026102
27.000000 0.025987
28.000000 0.025892
29.000000 0.024353
30.000000 0.022586
31.000000 0.023301
32.000000 0.023378
33.000000 0.022930
34.000000 0.023630
35.000000 0.023874
36.000000 0.022249
37.000000 0.024019
38.000000 0.022840
39.000000 0.023035
40.000000 0.023117
41.000000 0.023371
42.000000 0.023078
43.000000 0.022815
44.000000 0.023371
45.000000 0.023226
46.000000 0.023276
47.000000 0.023111
48.000000 0.023231
49.000000 0.023091
50.000000 0.023176
0.000000 3.056574
1.000000 2.640117
2.000000 1.840208
3.000000 1.976158
4.000000 1.501865
5.000000 1.080056
6.000000 1.158323
7.000000 0.802303
8.000000 0.738753
9.000000 0.662830
10.000000 0.528699
11.000000 0.737971
12.000000 0.498558
13.000000 0.627590
14.000000 0.497840
15.000000 0.456631
16.000000 0.440998
17.000000 0.517399
18.000000 0.461815
19.000000 0.501160
20.000000 0.412042
21.000000 0.432064
22.000000 0.386169
23.000000 0.464016
24.000000 0.416730
25.000000 0.423251
26.000000 0.397323
27.000000 0.436930
28.000000 0.433496
29.000000 0.421191
30.000000 0.419292
31.000000 0.415487
32.000000 0.419065
33.000000 0.421269
34.000000 0.415762
35.000000 0.412051
36.000000 0.407163
37.000000 0.412397
38.000000 0.408517
39.000000 0.413168
40.000000 0.410915
41.000000 0.411934
42.000000 0.413239
43.000000 0.410517
44.000000 0.416912
45.000000 0.411281
46.000000 0.412771
47.000000 0.412626
48.000000 0.411791
49.000000 0.412437
50.000000 0.412524
0.000000 16.898547
1.000000 22.989623
2.000000 24.201047
3.000000 10.008882
4.000000 18.473979
5.000000 13.885057
6.000000 10.234479
7.000000 8.973693
8.000000 10.213943
9.000000 10.731133
10.000000 9.155939
11.000000 10.920420
12.000000 8.358008
13.000000 8.940223
14.000000 7.028478
15.000000 6.980304
16.000000 7.922968
17.000000 7.955567
18.000000 7.426970
19.000000 7.278423
20.000000 8.336710
21.000000 7.033721
22.000000 7.050948
23.000000 7.234136
24.000000 7.305754
25.000000 7.368657
26.000000 7.218827
27.000000 7.339588
28.000000 7.265255
29.000000 7.308465
30.000000 7.213604
31.000000 7.349816
32.000000 7.320227
33.000000 7.331404
34.000000 7.203563
35.000000 7.305107
36.000000 7.231847
37.000000 7.213669
38.000000 7.231991
39.000000 7.251989
40.000000 7.262528
41.000000 7.225900
42.000000 7.283845
43.000000 7.257216
44.000000 7.278385
45.000000 7.227481
46.000000 7.267673
47.000000 7.244894
48.000000 7.242533
49.000000 7.256197
50.000000 7.243093
