0.000000 0.514411
1.000000 0.514411
0.446019 2.000000 0.514411
0.446019 0.418173
3.000000 0.514411
0.446019 0.418173
0.341964 4.000000 0.514411
0.446019 0.418173
0.341964 0.316561
5.000000 0.514411
0.446019 0.418173
0.341964 0.316561
0.236444 6.000000 0.514411
0.446019 0.418173
0.341964 0.316561
0.236444 0.188569
7.000000 0.514411
0.446019 0.418173
0.341964 0.316561
0.236444 0.188569
0.127504 8.000000 0.514411
0.446019 0.418173
0.341964 0.316561
0.236444 0.188569
0.127504 0.088911
9.000000 0.514411
0.446019 0.418173
0.341964 0.316561
0.236444 0.188569
0.127504 0.088911
0.044944 10.000000 0.514411
0.446019 0.418173
0.341964 0.316561
0.236444 0.188569
0.127504 0.088911
0.044944 0.027357
11.000000 0.514411
0.446019 0.418173
0.341964 0.316561
0.236444 0.188569
0.127504 0.088911
0.044944 0.027357
0.011724 12.000000 0.514411
0.446019 0.418173
0.341964 0.316561
0.236444 0.188569
0.127504 0.088911
0.044944 0.027357
0.011724 0.005374
13.000000 0.514411
0.446019 0.418173
0.341964 0.316561
0.236444 0.188569
0.127504 0.088911
0.044944 0.027357
0.011724 0.005374
0.000977 14.000000 0.514411
0.446019 0.418173
0.341964 0.316561
0.236444 0.188569
0.127504 0.088911
0.044944 0.027357
0.011724 0.005374
0.000977 0.000000
15.000000 0.514411
0.446019 0.418173
0.341964 0.316561
0.236444 0.188569
0.127504 0.088911
0.044944 0.027357
0.011724 0.005374
0.000977 0.000000
0.000000 16.000000 0.514411
0.446019 0.418173
0.341964 0.316561
0.236444 0.188569
0.127504 0.088911
0.044944 0.027357
0.011724 0.005374
0.000977 0.000000
0.000000 0.000000
17.000000 0.514411
0.446019 0.418173
0.341964 0.316561
0.236444 0.188569
0.127504 0.088911
0.044944 0.027357
0.011724 0.005374
0.000977 0.000000
0.000000 0.000000
0.000000 18.000000 0.514411
0.446019 0.418173
0.341964 0.316561
0.236444 0.188569
0.127504 0.088911
0.044944 0.027357
0.011724 0.005374
0.000977 0.000000
0.000000 0.000000
0.000000 0.000000
19.000000 0.514411
0.446019 0.418173
0.341964 0.316561
0.236444 0.188569
0.127504 0.088911
0.044944 0.027357
0.011724 0.005374
0.000977 0.000000
0.000000 0.000000
0.000000 0.000000
0.000000 20.000000 0.514411
0.446019 0.418173
0.341964 0.316561
0.236444 0.188569
0.127504 0.088911
0.044944 0.027357
0.011724 0.005374
0.000977 0.000000
0.000000 0.000000
0.000000 0.000000
0.000000 0.000000
21.000000 0.514411
0.446019 0.418173
0.341964 0.316561
0.236444 0.188569
0.127504 0.088911
0.044944 0.027357
0.011724 0.005374
0.000977 0.000000
0.000000 0.000000
0.000000 0.000000
0.000000 0.000000
0.000000 22.000000 0.514411
0.446019 0.418173
0.341964 0.316561
0.236444 0.188569
0.127504 0.088911
0.044944 0.027357
0.011724 0.005374
0.000977 0.000000
0.000000 0.000000
0.000000 0.000000
0.000000 0.000000
0.000000 0.000000
23.000000 0.514411
0.446019 0.418173
0.341964 0.316561
0.236444 0.188569
0.127504 0.088911
0.044944 0.027357
0.011724 0.005374
0.000977 0.000000
0.000000 0.000000
0.000000 0.000000
0.000000 0.000000
0.000000 0.000000
0.000000 24.000000 0.514411
0.446019 0.418173
0.341964 0.316561
0.236444 0.188569
0.127504 0.088911
0.044944 0.027357
0.011724 0.005374
0.000977 0.000000
0.000000 0.000000
0.000000 0.000000
0.000000 0.000000
0.000000 0.000000
0.000000 0.000000
25.000000 0.514411
0.446019 0.418173
0.341964 0.316561
0.236444 0.188569
0.127504 0.088911
0.044944 0.027357
0.011724 0.005374
0.000977 0.000000
0.000000 0.000000
0.000000 0.000000
0.000000 0.000000
0.000000 0.000000
0.000000 0.000000
0.000000 26.000000 0.514411
0.446019 0.418173
0.341964 0.316561
0.236444 0.188569
0.127504 0.088911
0.044944 0.027357
0.011724 0.005374
0.000977 0.000000
0.000000 0.000000
0.000000 0.000000
0.000000 0.000000
0.000000 0.000000
0.000000 0.000000
0.000000 0.000000
27.000000 0.514411
0.446019 0.418173
0.341964 0.316561
0.236444 0.188569
0.127504 0.088911
0.044944 0.027357
0.011724 0.005374
0.000977 0.000000
0.000000 0.000000
0.000000 0.000000
0.000000 0.000000
0.000000 0.000000
0.000000 0.000000
0.000000 0.000000
0.000000 28.000000 0.514411
0.446019 0.418173
0.341964 0.316561
0.236444 0.188569
0.127504 0.088911
0.044944 0.027357
0.011724 0.005374
0.000977 0.000000
0.000000 0.000000
0.000000 0.000000
0.000000 0.000000
0.000000 0.000000
0.000000 0.000000
0.000000 0.000000
0.000000 0.000000
29.000000 0.514411
0.446019 0.418173
0.341964 0.316561
0.236444 0.188569
0.127504 0.088911
0.044944 0.027357
0.011724 0.005374
0.000977 0.000000
0.000000 0.000000
0.000000 0.000000
0.000000 0.000000
0.000000 0.000000
0.000000 0.000000
0.000000 0.000000
0.000000 0.000000
0.000000 30.000000 0.514411
0.446019 0.418173
0.341964 0.316561
0.236444 0.188569
0.127504 0.088911
0.044944 0.027357
0.011724 0.005374
0.000977 0.000000
0.000000 0.000000
0.000000 0.000000
0.000000 0.000000
0.000000 0.000000
0.000000 0.000000
0.000000 0.000000
0.000000 0.000000
0.000000 0.000000
31.000000 0.514411
0.446019 0.418173
0.341964 0.316561
0.236444 0.188569
0.127504 0.088911
0.044944 0.027357
0.011724 0.005374
0.000977 0.000000
0.000000 0.000000
0.000000 0.000000
0.000000 0.000000
0.000000 0.000000
0.000000 0.000000
0.000000 0.000000
0.000000 0.000000
0.000000 0.000000
0.000000 32.000000 0.514411
0.446019 0.418173
0.341964 0.316561
0.236444 0.188569
0.127504 0.088911
0.044944 0.027357
0.011724 0.005374
0.000977 0.000000
0.000000 0.000000
0.000000 0.000000
0.000000 0.000000
0.000000 0.000000
0.000000 0.000000
0.000000 0.000000
0.000000 0.000000
0.000000 0.000000
0.000000 0.000000
33.000000 0.514411
0.446019 0.418173
0.341964 0.316561
0.236444 0.188569
0.127504 0.088911
0.044944 0.027357
0.011724 0.005374
0.000977 0.000000
0.000000 0.000000
0.000000 0.000000
0.000000 0.000000
0.000000 0.000000
0.000000 0.000000
0.000000 0.000000
0.000000 0.000000
0.000000 0.000000
0.000000 0.000000
0.000000 34.000000 0.514411
0.446019 0.418173
0.341964 0.316561
0.236444 0.188569
0.127504 0.088911
0.044944 0.027357
0.011724 0.005374
0.000977 0.000000
0.000000 0.000000
0.000000 0.000000
0.000000 0.000000
0.000000 0.000000
0.000000 0.000000
0.000000 0.000000
0.000000 0.000000
0.000000 0.000000
0.000000 0.000000
0.000000 0.000000
35.000000 0.514411
0.446019 0.418173
0.341964 0.316561
0.236444 0.188569
0.127504 0.088911
0.044944 0.027357
0.011724 0.005374
0.000977 0.000000
0.000000 0.000000
0.000000 0.000000
0.000000 0.000000
0.000000 0.000000
0.000000 0.000000
0.000000 0.000000
0.000000 0.000000
0.000000 0.000000
0.000000 0.000000
0.000000 0.000000
0.000000 36.000000 0.514411
0.446019 0.418173
0.341964 0.316561
0.236444 0.188569
0.127504 0.088911
0.044944 0.027357
0.011724 0.005374
0.000977 0.000000
0.000000 0.000000
0.000000 0.000000
0.000000 0.000000
0.000000 0.000000
0.000000 0.000000
0.000000 0.000000
0.000000 0.000000
0.000000 0.000000
0.000000 0.000000
0.000000 0.000000
0.000000 0.000000
37.000000 0.514411
0.446019 0.418173
0.341964 0.316561
0.236444 0.188569
0.127504 0.088911
0.044944 0.027357
0.011724 0.005374
0.000977 0.000000
0.000000 0.000000
0.000000 0.000000
0.000000 0.000000
0.000000 0.000000
0.000000 0.000000
0.000000 0.000000
0.000000 0.000000
0.000000 0.000000
0.000000 0.000000
0.000000 0.000000
0.000000 0.000000
0.000000 38.000000 0.514411
0.446019 0.418173
0.341964 0.316561
0.236444 0.188569
0.127504 0.088911
0.044944 0.027357
0.011724 0.005374
0.000977 0.000000
0.000000 0.000000
0.000000 0.000000
0.000000 0.000000
0.000000 0.000000
0.000000 0.000000
0.000000 0.000000
0.000000 0.000000
0.000000 0.000000
0.000000 0.000000
0.000000 0.000000
0.000000 0.000000
0.000000 0.000000
39.000000 0.514411
0.446019 0.418173
0.341964 0.316561
0.236444 0.188569
0.127504 0.088911
0.044944 0.027357
0.011724 0.005374
0.000977 0.000000
0.000000 0.000000
0.000000 0.000000
0.000000 0.000000
0.000000 0.000000
0.000000 0.000000
0.000000 0.000000
0.000000 0.000000
0.000000 0.000000
0.000000 0.000000
0.000000 0.000000
0.000000 0.000000
0.000000 0.000000
0.000000 40.000000 0.514411
0.446019 0.418173
0.341964 0.316561
0.236444 0.188569
0.127504 0.088911
0.044944 0.027357
0.011724 0.005374
0.000977 0.000000
0.000000 0.000000
0.000000 0.000000
0.000000 0.000000
0.000000 0.000000
0.000000 0.000000
0.000000 0.000000
0.000000 0.000000
0.000000 0.000000
0.000000 0.000000
0.000000 0.000000
0.000000 0.000000
0.000000 0.000000
0.000000 0.000000
41.000000 0.514411
0.446019 0.418173
0.341964 0.316561
0.236444 0.188569
0.127504 0.088911
0.044944 0.027357
0.011724 0.005374
0.000977 0.000000
0.000000 0.000000
0.000000 0.000000
0.000000 0.000000
0.000000 0.000000
0.000000 0.000000
0.000000 0.000000
0.000000 0.000000
0.000000 0.000000
0.000000 0.000000
0.000000 0.000000
0.000000 0.000000
0.000000 0.000000
0.000000 0.000000
0.000000 42.000000 0.514411
0.446019 0.418173
0.341964 0.316561
0.236444 0.188569
0.127504 0.088911
0.044944 0.027357
0.011724 0.005374
0.000977 0.000000
0.000000 0.000000
0.000000 0.000000
0.000000 0.000000
0.000000 0.000000
0.000000 0.000000
0.000000 0.000000
0.000000 0.000000
0.000000 0.000000
0.000000 0.000000
0.000000 0.000000
0.000000 0.000000
0.000000 0.000000
0.000000 0.000000
0.000000 0.000000
43.000000 0.514411
0.446019 0.418173
0.341964 0.316561
0.236444 0.188569
0.127504 0.088911
0.044944 0.027357
0.011724 0.005374
0.000977 0.000000
0.000000 0.000000
0.000000 0.000000
0.000000 0.000000
0.000000 0.000000
0.000000 0.000000
0.000000 0.000000
0.000000 0.000000
0.000000 0.000000
0.000000 0.000000
0.000000 0.000000
0.000000 0.000000
0.000000 0.000000
0.000000 0.000000
0.000000 0.000000
0.000000 44.000000 0.514411
0.446019 0.418173
0.341964 0.316561
0.236444 0.188569
0.127504 0.088911
0.044944 0.027357
0.011724 0.005374
0.000977 0.000000
0.000000 0.000000
0.000000 0.000000
0.000000 0.000000
0.000000 0.000000
0.000000 0.000000
0.000000 0.000000
0.000000 0.000000
0.000000 0.000000
0.000000 0.000000
0.000000 0.000000
0.000000 0.000000
0.000000 0.000000
0.000000 0.000000
0.000000 0.000000
0.000000 0.000000
45.000000 0.514411
0.446019 0.418173
0.341964 0.316561
0.236444 0.188569
0.127504 0.088911
0.044944 0.027357
0.011724 0.005374
0.000977 0.000000
0.000000 0.000000
0.000000 0.000000
0.000000 0.000000
0.000000 0.000000
0.000000 0.000000
0.000000 0.000000
0.000000 0.000000
0.000000 0.000000
0.000000 0.000000
0.000000 0.000000
0.000000 0.000000
0.000000 0.000000
0.000000 0.000000
0.000000 0.000000
0.000000 0.000000
0.000000 46.000000 0.514411
0.446019 0.418173
0.341964 0.316561
0.236444 0.188569
0.127504 0.088911
0.044944 0.027357
0.011724 0.005374
0.000977 0.000000
0.000000 0.000000
0.000000 0.000000
0.000000 0.000000
0.000000 0.000000
0.000000 0.000000
0.000000 0.000000
0.000000 0.000000
0.000000 0.000000
0.000000 0.000000
0.000000 0.000000
0.000000 0.000000
0.000000 0.000000
0.000000 0.000000
0.000000 0.000000
0.000000 0.000000
0.000000 0.000000
47.000000 0.514411
0.446019 0.418173
0.341964 0.316561
0.236444 0.188569
0.127504 0.088911
0.044944 0.027357
0.011724 0.005374
0.000977 0.000000
0.000000 0.000000
0.000000 0.000000
0.000000 0.000000
0.000000 0.000000
0.000000 0.000000
0.000000 0.000000
0.000000 0.000000
0.000000 0.000000
0.000000 0.000000
0.000000 0.000000
0.000000 0.000000
0.000000 0.000000
0.000000 0.000000
0.000000 0.000000
0.000000 0.000000
0.000000 0.000000
0.000000 48.000000 0.514411
0.446019 0.418173
0.341964 0.316561
0.236444 0.188569
0.127504 0.088911
0.044944 0.027357
0.011724 0.005374
0.000977 0.000000
0.000000 0.000000
0.000000 0.000000
0.000000 0.000000
0.000000 0.000000
0.000000 0.000000
0.000000 0.000000
0.000000 0.000000
0.000000 0.000000
0.000000 0.000000
0.000000 0.000000
0.000000 0.000000
0.000000 0.000000
0.000000 0.000000
0.000000 0.000000
0.000000 0.000000
0.000000 0.000000
0.000000 0.000000
49.000000 0.514411
0.446019 0.418173
0.341964 0.316561
0.236444 0.188569
0.127504 0.088911
0.044944 0.027357
0.011724 0.005374
0.000977 0.000000
0.000000 0.000000
0.000000 0.000000
0.000000 0.000000
0.000000 0.000000
0.000000 0.000000
0.000000 0.000000
0.000000 0.000000
0.000000 0.000000
0.000000 0.000000
0.000000 0.000000
0.000000 0.000000
0.000000 0.000000
0.000000 0.000000
0.000000 0.000000
0.000000 0.000000
0.000000 0.000000
0.000000 0.000000
0.000000 50.000000 0.514411
0.446019 0.418173
0.341964 0.316561
0.236444 0.188569
0.127504 0.088911
0.044944 0.027357
0.011724 0.005374
0.000977 0.000000
0.000000 0.000000
0.000000 0.000000
0.000000 0.000000
0.000000 0.000000
0.000000 0.000000
0.000000 0.000000
0.000000 0.000000
0.000000 0.000000
0.000000 0.000000
0.000000 0.000000
0.000000 0.000000
0.000000 0.000000
0.000000 0.000000
0.000000 0.000000
0.000000 0.000000
0.000000 0.000000
0.000000 0.000000
0.000000 0.000000
