0.000000 0.484193
1.000000 0.428083
2.000000 0.370757
3.000000 0.318465
4.000000 0.253691
5.000000 0.199306
6.000000 0.143695
7.000000 0.100565
8.000000 0.063906
9.000000 0.034366
10.000000 0.016390
11.000000 0.007637
12.000000 0.002443
13.000000 0.000728
14.000000 0.000090
15.000000 0.000020
16.000000 0.000010
17.000000 0.000000
18.000000 0.000000
19.000000 0.000000
20.000000 0.000000
21.000000 0.000000
22.000000 0.000000
23.000000 0.000000
24.000000 0.000000
25.000000 0.000000
26.000000 0.000000
27.000000 0.000000
28.000000 0.000000
29.000000 0.000000
30.000000 0.000000
31.000000 0.000000
32.000000 0.000000
33.000000 0.000000
34.000000 0.000000
35.000000 0.000000
36.000000 0.000000
37.000000 0.000000
38.000000 0.000000
39.000000 0.000000
40.000000 0.000000
41.000000 0.000000
42.000000 0.000000
43.000000 0.000000
44.000000 0.000000
45.000000 0.000000
46.000000 0.000000
47.000000 0.000000
48.000000 0.000000
49.000000 0.000000
50.000000 0.000000
0.000000 0.476666
1.000000 0.426627
2.000000 0.372402
3.000000 0.317677
4.000000 0.253163
5.000000 0.198509
6.000000 0.146835
7.000000 0.096458
8.000000 0.062172
9.000000 0.033179
10.000000 0.016919
11.000000 0.007816
12.000000 0.003290
13.000000 0.000459
14.000000 0.000209
15.000000 0.000000
16.000000 0.000000
17.000000 0.000000
18.000000 0.000000
19.000000 0.000000
20.000000 0.000000
21.000000 0.000000
22.000000 0.000000
23.000000 0.000000
24.000000 0.000000
25.000000 0.000000
26.000000 0.000000
27.000000 0.000000
28.000000 0.000000
29.000000 0.000000
30.000000 0.000000
31.000000 0.000000
32.000000 0.000000
33.000000 0.000000
34.000000 0.000000
35.000000 0.000000
36.000000 0.000000
37.000000 0.000000
38.000000 0.000000
39.000000 0.000000
40.000000 0.000000
41.000000 0.000000
42.000000 0.000000
43.000000 0.000000
44.000000 0.000000
45.000000 0.000000
46.000000 0.000000
47.000000 0.000000
48.000000 0.000000
49.000000 0.000000
50.000000 0.000000
0.000000 0.481521
1.000000 0.432739
2.000000 0.376489
3.000000 0.314288
4.000000 0.253332
5.000000 0.196325
6.000000 0.143964
7.000000 0.098900
8.000000 0.060447
9.000000 0.034874
10.000000 0.019511
11.000000 0.008115
12.000000 0.002841
13.000000 0.000728
14.000000 0.000130
15.000000 0.000020
16.000000 0.000000
17.000000 0.000000
18.000000 0.000000
19.000000 0.000000
20.000000 0.000000
21.000000 0.000000
22.000000 0.000000
23.000000 0.000000
24.000000 0.000000
25.000000 0.000000
26.000000 0.000000
27.000000 0.000000
28.000000 0.000000
29.000000 0.000000
30.000000 0.000000
31.000000 0.000000
32.000000 0.000000
33.000000 0.000000
34.000000 0.000000
35.000000 0.000000
36.000000 0.000000
37.000000 0.000000
38.000000 0.000000
39.000000 0.000000
40.000000 0.000000
41.000000 0.000000
42.000000 0.000000
43.000000 0.000000
44.000000 0.000000
45.000000 0.000000
46.000000 0.000000
47.000000 0.000000
48.000000 0.000000
49.000000 0.000000
50.000000 0.000000
0.000000 0.470455
1.000000 0.430565
2.000000 0.366131
3.000000 0.322433
4.000000 0.258507
5.000000 0.193244
6.000000 0.141950
7.000000 0.101642
8.000000 0.065133
9.000000 0.035423
10.000000 0.018803
11.000000 0.008046
12.000000 0.003190
13.000000 0.000598
14.000000 0.000179
15.000000 0.000090
16.000000 0.000000
17.000000 0.000000
18.000000 0.000000
19.000000 0.000000
20.000000 0.000000
21.000000 0.000000
22.000000 0.000000
23.000000 0.000000
24.000000 0.000000
25.000000 0.000000
26.000000 0.000000
27.000000 0.000000
28.000000 0.000000
29.000000 0.000000
30.000000 0.000000
31.000000 0.000000
32.000000 0.000000
33.000000 0.000000
34.000000 0.000000
35.000000 0.000000
36.000000 0.000000
37.000000 0.000000
38.000000 0.000000
39.000000 0.000000
40.000000 0.000000
41.000000 0.000000
42.000000 0.000000
43.000000 0.000000
44.000000 0.000000
45.000000 0.000000
46.000000 0.000000
47.000000 0.000000
48.000000 0.000000
49.000000 0.000000
50.000000 0.000000
0.000000 0.483545
1.000000 0.431273
2.000000 0.375223
3.000000 0.306721
4.000000 0.258078
5.000000 0.201131
6.000000 0.154512
7.000000 0.106039
8.000000 0.063218
9.000000 0.038453
10.000000 0.020498
11.000000 0.009850
12.000000 0.004995
13.000000 0.002183
14.000000 0.000907
15.000000 0.001346
16.000000 0.000698
17.000000 0.000100
18.000000 0.000508
19.000000 0.000050
20.000000 0.000000
21.000000 0.000000
22.000000 0.000000
23.000000 0.000000
24.000000 0.000000
25.000000 0.000000
26.000000 0.000000
27.000000 0.000000
28.000000 0.000000
29.000000 0.000000
30.000000 0.000000
31.000000 0.000000
32.000000 0.000000
33.000000 0.000000
34.000000 0.000000
35.000000 0.000000
36.000000 0.000000
37.000000 0.000000
38.000000 0.000000
39.000000 0.000000
40.000000 0.000000
41.000000 0.000000
42.000000 0.000000
43.000000 0.000000
44.000000 0.000000
45.000000 0.000000
46.000000 0.000000
47.000000 0.000000
