0.000000 0.956761
1.000000 0.953371
2.000000 0.945435
3.000000 0.937519
4.000000 0.926124
5.000000 0.912346
6.000000 0.897511
7.000000 0.875687
8.000000 0.852557
9.000000 0.829586
10.000000 0.796098
11.000000 0.755291
12.000000 0.715123
13.000000 0.666301
14.000000 0.605675
15.000000 0.543573
16.000000 0.477563
17.000000 0.403328
18.000000 0.334656
19.000000 0.262604
20.000000 0.189845
21.000000 0.131681
22.000000 0.084913
23.000000 0.046290
24.000000 0.024197
25.000000 0.013788
26.000000 0.004696
27.000000 0.001735
28.000000 0.000538
29.000000 0.000090
30.000000 0.000020
31.000000 0.000000
32.000000 0.000000
33.000000 0.000000
34.000000 0.000000
35.000000 0.000000
36.000000 0.000000
37.000000 0.000000
38.000000 0.000000
39.000000 0.000000
40.000000 0.000000
41.000000 0.000000
42.000000 0.000000
43.000000 0.000000
44.000000 0.000000
45.000000 0.000000
46.000000 0.000000
47.000000 0.000000
48.000000 0.000000
49.000000 0.000000
50.000000 0.000000
0.000000 0.958247
1.000000 0.952873
2.000000 0.946024
3.000000 0.936871
4.000000 0.925566
5.000000 0.910481
6.000000 0.896244
7.000000 0.876743
8.000000 0.850064
9.000000 0.828968
10.000000 0.798820
11.000000 0.756288
12.000000 0.713887
13.000000 0.664008
14.000000 0.604508
15.000000 0.541100
16.000000 0.469099
17.000000 0.402052
18.000000 0.328186
19.000000 0.259055
20.000000 0.189007
21.000000 0.131960
22.000000 0.087026
23.000000 0.049779
24.000000 0.027786
25.000000 0.011974
26.000000 0.005164
27.000000 0.001585
28.000000 0.000489
29.000000 0.000100
30.000000 0.000010
31.000000 0.000000
32.000000 0.000000
33.000000 0.000000
34.000000 0.000000
35.000000 0.000000
36.000000 0.000000
37.000000 0.000000
38.000000 0.000000
39.000000 0.000000
40.000000 0.000000
41.000000 0.000000
42.000000 0.000000
43.000000 0.000000
44.000000 0.000000
45.000000 0.000000
46.000000 0.000000
47.000000 0.000000
48.000000 0.000000
49.000000 0.000000
50.000000 0.000000
