0.000000 0.946100
1.000000 0.934376
2.000000 0.924225
3.000000 0.909678
4.000000 0.895185
5.000000 0.870434
6.000000 0.852196
7.000000 0.820713
8.000000 0.786517
9.000000 0.748141
10.000000 0.703034
11.000000 0.650003
12.000000 0.586278
13.000000 0.522065
14.000000 0.450687
15.000000 0.376052
16.000000 0.295283
17.000000 0.228899
18.000000 0.160180
19.000000 0.102698
20.000000 0.058405
21.000000 0.029963
22.000000 0.014167
23.000000 0.004939
24.000000 0.001140
25.000000 0.000271
26.000000 0.000054
27.000000 0.000054
28.000000 0.000000
29.000000 0.000000
30.000000 0.000000
31.000000 0.000000
32.000000 0.000000
33.000000 0.000000
34.000000 0.000000
35.000000 0.000000
36.000000 0.000000
37.000000 0.000000
38.000000 0.000000
39.000000 0.000000
40.000000 0.000000
41.000000 0.000000
42.000000 0.000000
43.000000 0.000000
44.000000 0.000000
45.000000 0.000000
46.000000 0.000000
47.000000 0.000000
48.000000 0.000000
49.000000 0.000000
50.000000 0.000000
0.000000 0.939369
1.000000 0.926722
2.000000 0.916083
3.000000 0.898334
4.000000 0.882538
5.000000 0.863052
6.000000 0.836997
7.000000 0.808717
8.000000 0.771264
9.000000 0.735928
10.000000 0.702166
11.000000 0.645118
12.000000 0.584487
13.000000 0.517071
14.000000 0.446399
15.000000 0.370949
16.000000 0.294143
17.000000 0.222548
18.000000 0.159095
19.000000 0.100147
20.000000 0.059274
21.000000 0.029257
22.000000 0.014113
23.000000 0.005591
24.000000 0.001357
25.000000 0.000217
26.000000 0.000054
27.000000 0.000000
28.000000 0.000000
29.000000 0.000000
30.000000 0.000000
31.000000 0.000000
32.000000 0.000000
33.000000 0.000000
34.000000 0.000000
35.000000 0.000000
36.000000 0.000000
37.000000 0.000000
38.000000 0.000000
39.000000 0.000000
40.000000 0.000000
41.000000 0.000000
42.000000 0.000000
43.000000 0.000000
44.000000 0.000000
45.000000 0.000000
46.000000 0.000000
47.000000 0.000000
48.000000 0.000000
49.000000 0.000000
50.000000 0.000000
0.000000 0.940238
1.000000 0.926885
2.000000 0.915432
3.000000 0.900396
4.000000 0.881941
5.000000 0.861369
6.000000 0.838409
7.000000 0.811920
8.000000 0.775118
9.000000 0.730663
10.000000 0.692830
11.000000 0.638007
12.000000 0.585952
13.000000 0.516094
14.000000 0.446344
15.000000 0.364436
16.000000 0.293600
17.000000 0.221951
18.000000 0.156543
19.000000 0.102915
20.000000 0.058677
21.000000 0.032188
22.000000 0.013244
23.000000 0.004722
24.000000 0.001574
25.000000 0.000434
26.000000 0.000163
27.000000 0.000000
28.000000 0.000109
29.000000 0.000109
30.000000 0.000054
31.000000 0.000000
32.000000 0.000000
33.000000 0.000000
34.000000 0.000000
35.000000 0.000000
36.000000 0.000000
37.000000 0.000000
38.000000 0.000000
39.000000 0.000000
40.000000 0.000000
41.000000 0.000000
42.000000 0.000000
43.000000 0.000000
44.000000 0.000000
45.000000 0.000000
46.000000 0.000000
47.000000 0.000000
48.000000 0.000000
49.000000 0.000000
50.000000 0.000000
0.000000 0.935135
1.000000 0.928839
2.000000 0.916680
3.000000 0.899148
4.000000 0.880530
5.000000 0.864843
6.000000 0.835640
7.000000 0.812951
8.000000 0.779298
9.000000 0.735602
10.000000 0.692992
11.000000 0.635619
12.000000 0.579330
13.000000 0.513706
14.000000 0.446399
15.000000 0.370949
16.000000 0.293329
17.000000 0.221897
18.000000 0.153612
19.000000 0.104380
20.000000 0.063019
21.000000 0.031700
22.000000 0.014601
23.000000 0.005808
24.000000 0.002280
25.000000 0.001466
26.000000 0.001248
27.000000 0.001031
28.000000 0.001031
29.000000 0.000868
30.000000 0.000923
31.000000 0.000977
32.000000 0.000977
33.000000 0.000977
34.000000 0.000977
35.000000 0.000923
36.000000 0.000977
37.000000 0.000868
38.000000 0.000923
39.000000 0.000923
40.000000 0.000868
41.000000 0.000923
42.000000 0.000868
43.000000 0.000868
44.000000 0.000868
45.000000 0.000868
46.000000 0.000868
47.000000 0.000923
48.000000 0.000868
49.000000 0.000868
50.000000 0.000868
0.000000 0.935570
1.000000 0.926993
2.000000 0.919014
3.000000 0.897954
4.000000 0.887152
5.000000 0.861043
6.000000 0.836509
7.000000 0.814200
8.000000 0.773652
9.000000 0.733485
10.000000 0.689844
11.000000 0.635021
12.000000 0.577268
13.000000 0.511589
14.000000 0.446290
15.000000 0.362482
16.000000 0.293058
17.000000 0.218694
18.000000 0.157683
19.000000 0.104706
20.000000 0.063128
21.000000 0.033165
22.000000 0.018998
23.000000 0.011399
24.000000 0.007219
25.000000 0.005645
26.000000 0.005319
27.000000 0.005102
28.000000 0.005265
29.000000 0.005265
30.000000 0.005211
31.000000 0.005265
32.000000 0.005211
33.000000 0.005319
34.000000 0.005265
35.000000 0.005211
36.000000 0.005265
37.000000 0.005265
38.000000 0.005265
39.000000 0.005265
40.000000 0.005265
41.000000 0.005319
42.000000 0.005265
43.000000 0.005374
44.000000 0.005319
45.000000 0.005265
46.000000 0.005319
47.000000 0.005265
48.000000 0.005265
49.000000 0.005265
50.000000 0.005319
0.000000 0.937687
1.000000 0.926071
2.000000 0.914292
3.000000 0.900776
4.000000 0.886012
5.000000 0.860283
6.000000 0.839223
7.000000 0.809477
8.000000 0.773055
9.000000 0.739185
10.000000 0.686805
11.000000 0.638875
12.000000 0.576725
13.000000 0.513163
14.000000 0.446778
15.000000 0.370135
16.000000 0.309613
17.000000 0.231721
18.000000 0.173533
19.000000 0.121424
20.000000 0.081040
21.000000 0.052054
22.000000 0.034793
23.000000 0.025186
24.000000 0.019921
25.000000 0.017152
26.000000 0.016610
27.000000 0.016230
28.000000 0.015633
29.000000 0.016121
30.000000 0.015361
31.000000 0.015633
32.000000 0.015578
33.000000 0.015524
34.000000 0.015687
35.000000 0.015850
36.000000 0.015578
37.000000 0.015633
38.000000 0.015416
39.000000 0.015416
40.000000 0.015524
41.000000 0.015416
42.000000 0.015470
43.000000 0.015416
44.000000 0.015524
45.000000 0.015416
46.000000 0.015524
47.000000 0.015633
48.000000 0.015578
49.000000 0.015578
50.000000 0.015578
0.000000 0.939804
1.000000 0.927319
2.000000 0.917494
3.000000 0.903707
4.000000 0.885198
5.000000 0.862346
6.000000 0.840905
7.000000 0.809749
8.000000 0.775064
9.000000 0.737014
10.000000 0.694404
11.000000 0.645389
12.000000 0.581447
13.000000 0.527927
14.000000 0.467242
15.000000 0.393856
16.000000 0.338164
17.000000 0.277208
18.000000 0.220485
19.000000 0.177875
20.000000 0.134506
21.000000 0.110731
22.000000 0.089345
23.000000 0.072572
24.000000 0.059437
25.000000 0.053737
26.000000 0.047821
27.000000 0.044021
28.000000 0.043370
29.000000 0.043098
30.000000 0.041958
31.000000 0.041253
32.000000 0.041524
33.000000 0.041036
34.000000 0.041199
35.000000 0.041416
36.000000 0.040873
37.000000 0.041036
38.000000 0.041036
39.000000 0.040927
40.000000 0.040819
41.000000 0.040873
42.000000 0.040927
43.000000 0.041253
44.000000 0.040981
45.000000 0.040981
46.000000 0.041199
47.000000 0.040927
48.000000 0.040981
49.000000 0.041090
50.000000 0.040981
