0.000000 0.010501
1.000000 0.008406
2.000000 0.006967
3.000000 0.005379
4.000000 0.004249
5.000000 0.003232
6.000000 0.002477
7.000000 0.001909
8.000000 0.001453
9.000000 0.001061
10.000000 0.000757
11.000000 0.000589
12.000000 0.000412
13.000000 0.000310
14.000000 0.000239
15.000000 0.000179
16.000000 0.000150
17.000000 0.000137
18.000000 0.000109
19.000000 0.000100
20.000000 0.000079
21.000000 0.000070
22.000000 0.000065
23.000000 0.000055
24.000000 0.000051
25.000000 0.000048
26.000000 0.000049
27.000000 0.000044
28.000000 0.000042
29.000000 0.000041
30.000000 0.000039
31.000000 0.000037
32.000000 0.000038
33.000000 0.000036
34.000000 0.000038
35.000000 0.000037
36.000000 0.000037
37.000000 0.000037
38.000000 0.000037
39.000000 0.000036
40.000000 0.000035
41.000000 0.000035
42.000000 0.000035
43.000000 0.000035
44.000000 0.000037
45.000000 0.000037
46.000000 0.000037
47.000000 0.000037
48.000000 0.000037
49.000000 0.000037
50.000000 0.000035
0.000000 0.020373
1.000000 0.016935
2.000000 0.014121
3.000000 0.011039
4.000000 0.008378
5.000000 0.006634
6.000000 0.005427
7.000000 0.004260
8.000000 0.003453
9.000000 0.002597
10.000000 0.002158
11.000000 0.001855
12.000000 0.001403
13.000000 0.001197
14.000000 0.000940
15.000000 0.000744
16.000000 0.000614
17.000000 0.000521
18.000000 0.000428
19.000000 0.000372
20.000000 0.000313
21.000000 0.000259
22.000000 0.000217
23.000000 0.000197
24.000000 0.000175
25.000000 0.000148
26.000000 0.000139
27.000000 0.000127
28.000000 0.000121
29.000000 0.000111
30.000000 0.000104
31.000000 0.000102
32.000000 0.000099
33.000000 0.000095
34.000000 0.000093
35.000000 0.000091
36.000000 0.000090
37.000000 0.000089
38.000000 0.000088
39.000000 0.000086
40.000000 0.000087
41.000000 0.000087
42.000000 0.000086
43.000000 0.000086
44.000000 0.000085
45.000000 0.000085
46.000000 0.000085
47.000000 0.000085
48.000000 0.000085
49.000000 0.000085
50.000000 0.000085
0.000000 0.041959
1.000000 0.033581
2.000000 0.028074
3.000000 0.021702
4.000000 0.017069
5.000000 0.013289
6.000000 0.010728
7.000000 0.008705
8.000000 0.007294
9.000000 0.005523
10.000000 0.004428
11.000000 0.003748
12.000000 0.002999
13.000000 0.002493
14.000000 0.002015
15.000000 0.001496
16.000000 0.001215
17.000000 0.001068
18.000000 0.000843
19.000000 0.000737
20.000000 0.000611
21.000000 0.000535
22.000000 0.000470
23.000000 0.000429
24.000000 0.000377
25.000000 0.000318
26.000000 0.000309
27.000000 0.000278
28.000000 0.000262
29.000000 0.000243
30.000000 0.000232
31.000000 0.000225
32.000000 0.000216
33.000000 0.000211
34.000000 0.000208
35.000000 0.000202
36.000000 0.000199
37.000000 0.000198
38.000000 0.000197
39.000000 0.000193
40.000000 0.000194
41.000000 0.000192
42.000000 0.000192
43.000000 0.000192
44.000000 0.000190
45.000000 0.000191
46.000000 0.000190
47.000000 0.000191
48.000000 0.000191
49.000000 0.000190
50.000000 0.000190
0.000000 0.083711
1.000000 0.064414
2.000000 0.055903
3.000000 0.044331
4.000000 0.035454
5.000000 0.027962
6.000000 0.022275
7.000000 0.018152
8.000000 0.014603
9.000000 0.010904
10.000000 0.009302
11.000000 0.007264
12.000000 0.005812
13.000000 0.004707
14.000000 0.003814
15.000000 0.003014
16.000000 0.002462
17.000000 0.002150
18.000000 0.001689
19.000000 0.001419
20.000000 0.001187
21.000000 0.001002
22.000000 0.000846
23.000000 0.000758
24.000000 0.000688
25.000000 0.000597
26.000000 0.000539
27.000000 0.000500
28.000000 0.000463
29.000000 0.000440
30.000000 0.000407
31.000000 0.000399
32.000000 0.000386
33.000000 0.000367
34.000000 0.000356
35.000000 0.000351
36.000000 0.000351
37.000000 0.000340
38.000000 0.000345
39.000000 0.000342
40.000000 0.000334
41.000000 0.000334
42.000000 0.000336
43.000000 0.000331
44.000000 0.000331
45.000000 0.000331
46.000000 0.000328
47.000000 0.000330
48.000000 0.000328
49.000000 0.000329
50.000000 0.000330
0.000000 0.163485
1.000000 0.134506
2.000000 0.107817
3.000000 0.087497
4.000000 0.069463
5.000000 0.057195
6.000000 0.045034
7.000000 0.036561
8.000000 0.027976
9.000000 0.021842
10.000000 0.018606
11.000000 0.014249
12.000000 0.010903
13.000000 0.009128
14.000000 0.007258
15.000000 0.006028
16.000000 0.004954
17.000000 0.004001
18.000000 0.003378
19.000000 0.002694
20.000000 0.002329
21.000000 0.002016
22.000000 0.001726
23.000000 0.001494
24.000000 0.001222
25.000000 0.001124
26.000000 0.001038
27.000000 0.000930
28.000000 0.000849
29.000000 0.000799
30.000000 0.000765
31.000000 0.000725
32.000000 0.000682
33.000000 0.000670
34.000000 0.000648
35.000000 0.000647
36.000000 0.000621
37.000000 0.000614
38.000000 0.000615
39.000000 0.000621
40.000000 0.000610
41.000000 0.000599
42.000000 0.000600
43.000000 0.000598
44.000000 0.000597
45.000000 0.000591
46.000000 0.000595
47.000000 0.000592
48.000000 0.000590
49.000000 0.000591
50.000000 0.000588
0.000000 0.344618
1.000000 0.275972
2.000000 0.219105
3.000000 0.182066
4.000000 0.141147
5.000000 0.111212
6.000000 0.086968
7.000000 0.070694
8.000000 0.053885
9.000000 0.044790
10.000000 0.036611
11.000000 0.028385
12.000000 0.022704
13.000000 0.017474
14.000000 0.014286
15.000000 0.012573
16.000000 0.010520
17.000000 0.008385
18.000000 0.006477
19.000000 0.005856
20.000000 0.004851
21.000000 0.004213
22.000000 0.003715
23.000000 0.003099
24.000000 0.002817
25.000000 0.002466
26.000000 0.002355
27.000000 0.002066
28.000000 0.001905
29.000000 0.001884
30.000000 0.001746
31.000000 0.001683
32.000000 0.001629
33.000000 0.001640
34.000000 0.001549
35.000000 0.001516
36.000000 0.001518
37.000000 0.001479
38.000000 0.001472
39.000000 0.001464
40.000000 0.001453
41.000000 0.001434
42.000000 0.001440
43.000000 0.001434
44.000000 0.001430
45.000000 0.001430
46.000000 0.001426
47.000000 0.001423
48.000000 0.001422
49.000000 0.001422
50.000000 0.001422
0.000000 0.686998
1.000000 0.565581
2.000000 0.467166
3.000000 0.347631
4.000000 0.276041
5.000000 0.220126
6.000000 0.180412
7.000000 0.144108
8.000000 0.109735
9.000000 0.089675
10.000000 0.071534
11.000000 0.056340
12.000000 0.043834
13.000000 0.036358
14.000000 0.029793
15.000000 0.024170
16.000000 0.018976
17.000000 0.015562
18.000000 0.012456
19.000000 0.010541
20.000000 0.009298
21.000000 0.007487
22.000000 0.006713
23.000000 0.005519
24.000000 0.005005
25.000000 0.004416
26.000000 0.004026
27.000000 0.003608
28.000000 0.003152
29.000000 0.003037
30.000000 0.002921
31.000000 0.002724
32.000000 0.002697
33.000000 0.002530
34.000000 0.002440
35.000000 0.002448
36.000000 0.002353
37.000000 0.002307
38.000000 0.002295
39.000000 0.002264
40.000000 0.002251
41.000000 0.002244
42.000000 0.002240
43.000000 0.002202
44.000000 0.002217
45.000000 0.002217
46.000000 0.002212
47.000000 0.002205
48.000000 0.002201
49.000000 0.002197
50.000000 0.002193
