0.000000 0.943401
1.000000 0.934608
2.000000 0.923113
3.000000 0.907710
4.000000 0.889943
5.000000 0.869615
6.000000 0.842507
7.000000 0.816097
8.000000 0.778382
9.000000 0.738283
10.000000 0.692392
11.000000 0.637149
12.000000 0.575745
13.000000 0.511012
14.000000 0.435132
15.000000 0.358893
16.000000 0.284059
17.000000 0.213104
18.000000 0.145948
19.000000 0.092609
20.000000 0.053199
21.000000 0.027018
22.000000 0.011465
23.000000 0.004147
24.000000 0.001107
25.000000 0.000120
26.000000 0.000000
27.000000 0.000000
28.000000 0.000000
29.000000 0.000000
30.000000 0.000000
31.000000 0.000000
32.000000 0.000000
33.000000 0.000000
34.000000 0.000000
35.000000 0.000000
36.000000 0.000000
37.000000 0.000000
38.000000 0.000000
39.000000 0.000000
40.000000 0.000000
41.000000 0.000000
42.000000 0.000000
43.000000 0.000000
44.000000 0.000000
45.000000 0.000000
46.000000 0.000000
47.000000 0.000000
48.000000 0.000000
49.000000 0.000000
50.000000 0.000000
0.000000 0.968914
1.000000 0.967000
2.000000 0.963700
3.000000 0.961437
4.000000 0.957688
5.000000 0.956013
6.000000 0.953531
7.000000 0.949842
8.000000 0.949334
9.000000 0.947300
10.000000 0.945415
11.000000 0.943461
12.000000 0.943212
13.000000 0.941348
14.000000 0.940251
15.000000 0.939344
16.000000 0.939184
17.000000 0.939224
18.000000 0.937808
19.000000 0.937719
20.000000 0.937509
21.000000 0.937370
22.000000 0.937220
23.000000 0.937121
24.000000 0.937121
25.000000 0.937081
26.000000 0.937081
27.000000 0.937081
28.000000 0.937081
29.000000 0.937081
30.000000 0.937081
31.000000 0.937081
32.000000 0.937081
33.000000 0.937081
34.000000 0.937081
35.000000 0.937081
36.000000 0.937081
37.000000 0.937081
38.000000 0.937081
39.000000 0.937081
40.000000 0.937081
41.000000 0.937081
42.000000 0.937081
43.000000 0.937081
44.000000 0.937081
45.000000 0.937081
46.000000 0.937081
47.000000 0.937081
48.000000 0.937081
49.000000 0.937081
50.000000 0.937081
0.000000 0.977708
1.000000 0.977538
2.000000 0.976073
3.000000 0.974776
4.000000 0.973431
5.000000 0.972882
6.000000 0.971327
7.000000 0.970270
8.000000 0.968396
9.000000 0.966372
10.000000 0.963889
11.000000 0.961995
12.000000 0.958346
13.000000 0.956183
14.000000 0.952823
15.000000 0.949613
16.000000 0.946632
17.000000 0.944209
18.000000 0.941926
19.000000 0.939932
20.000000 0.938506
21.000000 0.937519
22.000000 0.936961
23.000000 0.936811
24.000000 0.936732
25.000000 0.936702
26.000000 0.936702
27.000000 0.936702
28.000000 0.936702
29.000000 0.936712
30.000000 0.936702
31.000000 0.936712
32.000000 0.936702
33.000000 0.936702
34.000000 0.936702
35.000000 0.936702
36.000000 0.936702
37.000000 0.936702
38.000000 0.936702
39.000000 0.936702
40.000000 0.936702
41.000000 0.936702
42.000000 0.936702
43.000000 0.936702
44.000000 0.936702
45.000000 0.936702
46.000000 0.936702
47.000000 0.936702
48.000000 0.936702
49.000000 0.936702
50.000000 0.936702
0.000000 0.978316
1.000000 0.977847
2.000000 0.977189
3.000000 0.975813
4.000000 0.975365
5.000000 0.973580
6.000000 0.972334
7.000000 0.971407
8.000000 0.968914
9.000000 0.967269
10.000000 0.965265
11.000000 0.962773
12.000000 0.960091
13.000000 0.956472
14.000000 0.953800
15.000000 0.951477
16.000000 0.948396
17.000000 0.946123
18.000000 0.943621
19.000000 0.941617
20.000000 0.940331
21.000000 0.939434
22.000000 0.938835
23.000000 0.938616
24.000000 0.938516
25.000000 0.938496
26.000000 0.938476
27.000000 0.938496
28.000000 0.938506
29.000000 0.938506
30.000000 0.938496
31.000000 0.938506
32.000000 0.938486
33.000000 0.938516
34.000000 0.938466
35.000000 0.938486
36.000000 0.938506
37.000000 0.938496
38.000000 0.938496
39.000000 0.938476
40.000000 0.938496
41.000000 0.938496
42.000000 0.938496
43.000000 0.938486
44.000000 0.938496
45.000000 0.938496
46.000000 0.938496
47.000000 0.938496
48.000000 0.938496
49.000000 0.938496
50.000000 0.938496
0.000000 0.978635
1.000000 0.978744
2.000000 0.977060
3.000000 0.976491
4.000000 0.976272
5.000000 0.973291
6.000000 0.971686
7.000000 0.970779
8.000000 0.968426
9.000000 0.967120
10.000000 0.964886
11.000000 0.962175
12.000000 0.961108
13.000000 0.956741
14.000000 0.954637
15.000000 0.951168
16.000000 0.948197
17.000000 0.946153
18.000000 0.943431
19.000000 0.941747
20.000000 0.940161
21.000000 0.939294
22.000000 0.938696
23.000000 0.938476
24.000000 0.938397
25.000000 0.938337
26.000000 0.938337
27.000000 0.938287
28.000000 0.938317
29.000000 0.938287
30.000000 0.938307
31.000000 0.938277
32.000000 0.938297
33.000000 0.938307
34.000000 0.938297
35.000000 0.938317
36.000000 0.938327
37.000000 0.938267
38.000000 0.938317
39.000000 0.938307
40.000000 0.938297
41.000000 0.938307
42.000000 0.938307
43.000000 0.938307
44.000000 0.938297
45.000000 0.938307
46.000000 0.938307
47.000000 0.938307
48.000000 0.938327
49.000000 0.938297
50.000000 0.938327
0.000000 0.980918
1.000000 0.979781
2.000000 0.978854
3.000000 0.978535
4.000000 0.977299
5.000000 0.975933
6.000000 0.974497
7.000000 0.973750
8.000000 0.972414
9.000000 0.969592
10.000000 0.967877
11.000000 0.966242
12.000000 0.962753
13.000000 0.960330
14.000000 0.957888
15.000000 0.954797
16.000000 0.951676
17.000000 0.949294
18.000000 0.946781
19.000000 0.944040
20.000000 0.942175
21.000000 0.940809
22.000000 0.939593
23.000000 0.938815
24.000000 0.938626
25.000000 0.938307
26.000000 0.938277
27.000000 0.938207
28.000000 0.938237
29.000000 0.938227
30.000000 0.938227
31.000000 0.938157
32.000000 0.938197
33.000000 0.938207
34.000000 0.938127
35.000000 0.938237
36.000000 0.938237
37.000000 0.938277
38.000000 0.938227
39.000000 0.938247
40.000000 0.938287
41.000000 0.938227
42.000000 0.938257
43.000000 0.938307
44.000000 0.938297
45.000000 0.938297
46.000000 0.938287
47.000000 0.938307
48.000000 0.938317
49.000000 0.938317
50.000000 0.938307
0.000000 0.984268
1.000000 0.983959
2.000000 0.983809
3.000000 0.983859
4.000000 0.984327
5.000000 0.984118
6.000000 0.983510
7.000000 0.984746
8.000000 0.984337
9.000000 0.984218
10.000000 0.983759
11.000000 0.983899
12.000000 0.983709
13.000000 0.984128
14.000000 0.983739
15.000000 0.983669
16.000000 0.983311
17.000000 0.983669
18.000000 0.983450
19.000000 0.982792
20.000000 0.983161
21.000000 0.982872
22.000000 0.983031
23.000000 0.983121
24.000000 0.982324
25.000000 0.981745
26.000000 0.982074
27.000000 0.982034
28.000000 0.980868
29.000000 0.980330
30.000000 0.980250
31.000000 0.979851
32.000000 0.979223
33.000000 0.978296
34.000000 0.977588
35.000000 0.977179
36.000000 0.975743
37.000000 0.975405
38.000000 0.974069
39.000000 0.972763
40.000000 0.971377
41.000000 0.969153
42.000000 0.967927
43.000000 0.965106
44.000000 0.963042
45.000000 0.960619
46.000000 0.957678
47.000000 0.954797
48.000000 0.952604
49.000000 0.949862
50.000000 0.947549
