0.000000 0.956059
1.000000 0.949972
2.000000 0.943095
3.000000 0.926083
4.000000 0.916427
5.000000 0.898904
6.000000 0.892038
7.000000 0.879683
8.000000 0.835812
9.000000 0.819799
10.000000 0.802807
11.000000 0.768122
12.000000 0.697633
13.000000 0.661399
14.000000 0.581844
15.000000 0.530577
16.000000 0.486696
17.000000 0.406311
18.000000 0.332114
19.000000 0.234447
20.000000 0.194125
21.000000 0.118948
22.000000 0.068170
23.000000 0.048719
24.000000 0.020691
25.000000 0.007217
26.000000 0.004518
27.000000 0.001929
28.000000 0.000170
29.000000 0.000000
30.000000 0.000020
31.000000 0.000000
32.000000 0.000000
33.000000 0.000000
34.000000 0.000000
35.000000 0.000000
36.000000 0.000000
37.000000 0.000000
38.000000 0.000000
39.000000 0.000000
40.000000 0.000000
41.000000 0.000000
42.000000 0.000000
43.000000 0.000000
44.000000 0.000000
45.000000 0.000000
46.000000 0.000000
47.000000 0.000000
48.000000 0.000000
49.000000 0.000000
50.000000 0.000000
0.000000 0.952101
1.000000 0.947933
2.000000 0.936658
3.000000 0.925003
4.000000 0.921355
5.000000 0.896146
6.000000 0.883841
7.000000 0.869597
8.000000 0.848677
9.000000 0.814921
10.000000 0.804686
11.000000 0.740024
12.000000 0.707119
13.000000 0.654272
14.000000 0.584313
15.000000 0.521551
16.000000 0.458378
17.000000 0.407891
18.000000 0.309334
19.000000 0.258736
20.000000 0.173754
21.000000 0.121067
22.000000 0.086512
23.000000 0.049418
24.000000 0.018642
25.000000 0.008056
26.000000 0.003828
27.000000 0.004688
28.000000 0.000780
29.000000 0.000250
30.000000 0.000010
31.000000 0.000000
32.000000 0.000000
33.000000 0.000000
34.000000 0.000000
35.000000 0.000000
36.000000 0.000000
37.000000 0.000000
38.000000 0.000000
39.000000 0.000000
40.000000 0.000000
41.000000 0.000000
42.000000 0.000000
43.000000 0.000000
44.000000 0.000000
45.000000 0.000000
46.000000 0.000000
47.000000 0.000000
48.000000 0.000000
49.000000 0.000000
50.000000 0.000000
0.000000 0.953780
1.000000 0.952801
2.000000 0.935458
3.000000 0.939647
4.000000 0.926962
5.000000 0.906001
6.000000 0.898075
7.000000 0.862710
8.000000 0.846617
9.000000 0.816801
10.000000 0.789663
11.000000 0.759706
12.000000 0.717384
13.000000 0.686178
14.000000 0.613800
15.000000 0.545890
16.000000 0.460387
17.000000 0.422994
18.000000 0.357793
19.000000 0.270881
20.000000 0.196843
21.000000 0.148765
22.000000 0.083713
23.000000 0.066891
24.000000 0.048809
25.000000 0.037953
26.000000 0.031476
27.000000 0.027158
28.000000 0.026788
29.000000 0.025259
30.000000 0.021491
31.000000 0.018572
32.000000 0.016023
33.000000 0.023610
34.000000 0.013234
35.000000 0.010995
36.000000 0.009646
37.000000 0.013104
38.000000 0.006267
39.000000 0.004578
40.000000 0.008346
41.000000 0.002179
42.000000 0.002499
43.000000 0.005428
44.000000 0.000800
45.000000 0.001149
46.000000 0.000730
47.000000 0.000140
48.000000 0.000020
49.000000 0.000020
50.000000 0.000000
0.000000 0.956849
1.000000 0.960098
2.000000 0.945794
3.000000 0.935318
4.000000 0.923494
5.000000 0.914018
6.000000 0.898005
7.000000 0.867358
8.000000 0.846578
9.000000 0.818820
10.000000 0.794151
11.000000 0.770921
12.000000 0.716735
13.000000 0.672934
14.000000 0.616039
15.000000 0.571429
16.000000 0.482028
17.000000 0.401223
18.000000 0.341810
19.000000 0.304736
20.000000 0.236556
21.000000 0.199682
22.000000 0.166427
23.000000 0.142237
24.000000 0.111511
25.000000 0.107113
26.000000 0.097897
27.000000 0.089311
28.000000 0.098167
29.000000 0.086932
30.000000 0.086752
31.000000 0.080535
32.000000 0.078176
33.000000 0.077466
34.000000 0.075487
35.000000 0.072368
36.000000 0.069310
37.000000 0.067170
38.000000 0.071249
39.000000 0.065691
40.000000 0.059534
41.000000 0.058594
42.000000 0.055596
43.000000 0.053017
44.000000 0.046230
45.000000 0.040082
46.000000 0.045560
47.000000 0.035854
48.000000 0.029797
49.000000 0.030007
50.000000 0.024119
0.000000 0.980439
1.000000 0.982038
2.000000 0.977610
3.000000 0.975161
4.000000 0.966865
5.000000 0.968294
6.000000 0.957339
7.000000 0.955360
8.000000 0.947043
9.000000 0.930611
10.000000 0.927672
11.000000 0.910409
12.000000 0.883821
13.000000 0.867988
14.000000 0.841900
15.000000 0.825357
16.000000 0.800358
17.000000 0.744562
18.000000 0.715525
19.000000 0.663038
20.000000 0.624725
21.000000 0.568060
22.000000 0.493633
23.000000 0.476430
24.000000 0.414728
25.000000 0.346258
26.000000 0.332954
27.000000 0.307655
28.000000 0.276129
29.000000 0.274269
30.000000 0.250980
31.000000 0.259506
32.000000 0.243913
33.000000 0.229009
34.000000 0.222702
35.000000 0.211927
36.000000 0.201781
37.000000 0.195624
38.000000 0.181240
39.000000 0.167696
40.000000 0.155042
41.000000 0.161189
42.000000 0.143027
43.000000 0.117378
44.000000 0.096488
45.000000 0.091870
46.000000 0.090170
47.000000 0.078595
48.000000 0.035694
49.000000 0.022060
50.000000 0.021001
