0.000000 0.000486
1.000000 0.000388
2.000000 0.000308
3.000000 0.000244
4.000000 0.000194
5.000000 0.000153
6.000000 0.000122
7.000000 0.000097
8.000000 0.000077
9.000000 0.000062
10.000000 0.000049
11.000000 0.000039
12.000000 0.000031
13.000000 0.000025
14.000000 0.000020
15.000000 0.000016
16.000000 0.000013
17.000000 0.000010
18.000000 0.000008
19.000000 0.000006
20.000000 0.000005
21.000000 0.000004
22.000000 0.000003
23.000000 0.000003
24.000000 0.000002
25.000000 0.000002
26.000000 0.000002
27.000000 0.000001
28.000000 0.000001
29.000000 0.000001
30.000000 0.000001
31.000000 0.000001
32.000000 0.000001
33.000000 0.000001
34.000000 0.000001
35.000000 0.000000
36.000000 0.000000
37.000000 0.000000
38.000000 0.000000
39.000000 0.000000
40.000000 0.000000
41.000000 0.000000
42.000000 0.000000
43.000000 0.000000
44.000000 0.000000
45.000000 0.000000
46.000000 0.000000
47.000000 0.000000
48.000000 0.000000
49.000000 0.000000
50.000000 0.000000
0.000000 0.000365
1.000000 0.000292
2.000000 0.000232
3.000000 0.000185
4.000000 0.000147
5.000000 0.000116
6.000000 0.000092
7.000000 0.000074
8.000000 0.000058
9.000000 0.000047
10.000000 0.000037
11.000000 0.000030
12.000000 0.000024
13.000000 0.000019
14.000000 0.000015
15.000000 0.000012
16.000000 0.000010
17.000000 0.000008
18.000000 0.000006
19.000000 0.000005
20.000000 0.000004
21.000000 0.000004
22.000000 0.000003
23.000000 0.000002
24.000000 0.000002
25.000000 0.000002
26.000000 0.000002
27.000000 0.000001
28.000000 0.000001
29.000000 0.000001
30.000000 0.000001
31.000000 0.000001
32.000000 0.000001
33.000000 0.000001
34.000000 0.000001
35.000000 0.000001
36.000000 0.000001
37.000000 0.000001
38.000000 0.000001
39.000000 0.000001
40.000000 0.000001
41.000000 0.000001
42.000000 0.000001
43.000000 0.000001
44.000000 0.000001
45.000000 0.000001
46.000000 0.000001
47.000000 0.000001
48.000000 0.000001
49.000000 0.000001
50.000000 0.000001
0.000000 0.000335
1.000000 0.000269
2.000000 0.000215
3.000000 0.000171
4.000000 0.000137
5.000000 0.000108
6.000000 0.000085
7.000000 0.000068
8.000000 0.000054
9.000000 0.000043
10.000000 0.000034
11.000000 0.000027
12.000000 0.000022
13.000000 0.000018
14.000000 0.000014
15.000000 0.000011
16.000000 0.000009
17.000000 0.000007
18.000000 0.000006
19.000000 0.000005
20.000000 0.000004
21.000000 0.000003
22.000000 0.000003
23.000000 0.000002
24.000000 0.000002
25.000000 0.000002
26.000000 0.000002
27.000000 0.000001
28.000000 0.000001
29.000000 0.000001
30.000000 0.000001
31.000000 0.000001
32.000000 0.000001
33.000000 0.000001
34.000000 0.000001
35.000000 0.000001
36.000000 0.000001
37.000000 0.000001
38.000000 0.000001
39.000000 0.000001
40.000000 0.000001
41.000000 0.000001
42.000000 0.000001
43.000000 0.000001
44.000000 0.000001
45.000000 0.000001
46.000000 0.000001
47.000000 0.000001
48.000000 0.000001
49.000000 0.000001
50.000000 0.000001
0.000000 0.000340
1.000000 0.000282
2.000000 0.000221
3.000000 0.000180
4.000000 0.000142
5.000000 0.000111
6.000000 0.000088
7.000000 0.000069
8.000000 0.000055
9.000000 0.000044
10.000000 0.000035
11.000000 0.000028
12.000000 0.000023
13.000000 0.000018
14.000000 0.000015
15.000000 0.000011
16.000000 0.000010
17.000000 0.000008
18.000000 0.000006
19.000000 0.000005
20.000000 0.000004
21.000000 0.000004
22.000000 0.000003
23.000000 0.000003
24.000000 0.000002
25.000000 0.000002
26.000000 0.000002
27.000000 0.000002
28.000000 0.000001
29.000000 0.000001
30.000000 0.000001
31.000000 0.000001
32.000000 0.000001
33.000000 0.000001
34.000000 0.000001
35.000000 0.000001
36.000000 0.000001
37.000000 0.000001
38.000000 0.000001
39.000000 0.000001
40.000000 0.000001
41.000000 0.000001
42.000000 0.000001
43.000000 0.000001
44.000000 0.000001
45.000000 0.000001
46.000000 0.000001
47.000000 0.000001
48.000000 0.000001
49.000000 0.000001
50.000000 0.000001
0.000000 0.000430
1.000000 0.000373
2.000000 0.000275
3.000000 0.000226
4.000000 0.000203
5.000000 0.000148
6.000000 0.000117
7.000000 0.000098
8.000000 0.000074
9.000000 0.000061
10.000000 0.000059
11.000000 0.000039
12.000000 0.000034
13.000000 0.000030
14.000000 0.000027
15.000000 0.000020
16.000000 0.000019
17.000000 0.000015
18.000000 0.000014
19.000000 0.000014
20.000000 0.000012
21.000000 0.000011
22.000000 0.000010
23.000000 0.000009
24.000000 0.000008
25.000000 0.000008
26.000000 0.000009
27.000000 0.000008
28.000000 0.000008
29.000000 0.000008
30.000000 0.000008
31.000000 0.000008
32.000000 0.000008
33.000000 0.000008
34.000000 0.000008
35.000000 0.000007
36.000000 0.000008
37.000000 0.000007
38.000000 0.000007
39.000000 0.000008
40.000000 0.000007
41.000000 0.000008
42.000000 0.000007
43.000000 0.000007
44.000000 0.000007
45.000000 0.000007
46.000000 0.000007
47.000000 0.000007
48.000000 0.000007
49.000000 0.000007
50.000000 0.000007
0.000000 0.001415
1.000000 0.001448
2.000000 0.000848
3.000000 0.000969
4.000000 0.000653
5.000000 0.000495
6.000000 0.000548
7.000000 0.000442
8.000000 0.000328
9.000000 0.000378
10.000000 0.000277
11.000000 0.000195
12.000000 0.000279
13.000000 0.000192
14.000000 0.000244
15.000000 0.000194
16.000000 0.000204
17.000000 0.000199
18.000000 0.000149
19.000000 0.000166
20.000000 0.000195
21.000000 0.000196
22.000000 0.000183
23.000000 0.000161
24.000000 0.000174
25.000000 0.000162
26.000000 0.000163
27.000000 0.000172
28.000000 0.000162
29.000000 0.000165
30.000000 0.000160
31.000000 0.000162
32.000000 0.000162
33.000000 0.000161
34.000000 0.000158
35.000000 0.000162
36.000000 0.000169
37.000000 0.000162
38.000000 0.000162
39.000000 0.000164
40.000000 0.000164
41.000000 0.000166
42.000000 0.000163
43.000000 0.000163
44.000000 0.000162
45.000000 0.000163
46.000000 0.000163
47.000000 0.000162
48.000000 0.000164
49.000000 0.000163
50.000000 0.000162
0.000000 0.006452
1.000000 0.006750
2.000000 0.008545
3.000000 0.008639
4.000000 0.010789
5.000000 0.005344
6.000000 0.006368
7.000000 0.006016
8.000000 0.004525
9.000000 0.004532
10.000000 0.003320
11.000000 0.003068
12.000000 0.004481
13.000000 0.003977
14.000000 0.003833
15.000000 0.004243
16.000000 0.003596
17.000000 0.003893
18.000000 0.003351
19.000000 0.003895
20.000000 0.003734
21.000000 0.003636
22.000000 0.003846
23.000000 0.003634
24.000000 0.003590
25.000000 0.003628
26.000000 0.003595
27.000000 0.003521
28.000000 0.003511
29.000000 0.003609
30.000000 0.003645
31.000000 0.003625
32.000000 0.003635
33.000000 0.003554
34.000000 0.003585
35.000000 0.003579
36.000000 0.003609
37.000000 0.003625
38.000000 0.003620
39.000000 0.003608
40.000000 0.003616
41.000000 0.003634
42.000000 0.003598
43.000000 0.003595
44.000000 0.003613
45.000000 0.003624
46.000000 0.003610
47.000000 0.003618
48.000000 0.003616
49.000000 0.003609
50.000000 0.003605
