0.000000 0.924768
1.000000 0.913912
2.000000 0.903436
3.000000 0.889595
4.000000 0.875482
5.000000 0.852738
6.000000 0.831406
7.000000 0.804701
8.000000 0.771644
9.000000 0.735114
10.000000 0.691201
11.000000 0.632905
12.000000 0.578027
13.000000 0.518862
14.000000 0.445964
15.000000 0.367964
16.000000 0.292406
17.000000 0.226673
18.000000 0.157032
19.000000 0.102046
20.000000 0.060142
21.000000 0.029691
22.000000 0.013136
23.000000 0.004071
24.000000 0.001520
25.000000 0.000163
26.000000 0.000054
27.000000 0.000054
28.000000 0.000000
29.000000 0.000000
30.000000 0.000000
31.000000 0.000000
32.000000 0.000000
33.000000 0.000000
34.000000 0.000000
35.000000 0.000000
36.000000 0.000000
37.000000 0.000000
38.000000 0.000000
39.000000 0.000000
40.000000 0.000000
41.000000 0.000000
42.000000 0.000000
43.000000 0.000000
44.000000 0.000000
45.000000 0.000000
46.000000 0.000000
47.000000 0.000000
48.000000 0.000000
49.000000 0.000000
50.000000 0.000000
0.000000 0.937415
1.000000 0.933127
2.000000 0.918417
3.000000 0.908267
4.000000 0.891820
5.000000 0.878304
6.000000 0.861803
7.000000 0.838083
8.000000 0.812354
9.000000 0.783097
10.000000 0.753895
11.000000 0.707105
12.000000 0.657819
13.000000 0.601965
14.000000 0.541606
15.000000 0.470336
16.000000 0.399392
17.000000 0.324920
18.000000 0.255170
19.000000 0.180264
20.000000 0.122130
21.000000 0.073224
22.000000 0.042013
23.000000 0.020952
24.000000 0.007111
25.000000 0.002768
26.000000 0.000543
27.000000 0.000163
28.000000 0.000054
29.000000 0.000000
30.000000 0.000000
31.000000 0.000000
32.000000 0.000000
33.000000 0.000000
34.000000 0.000000
35.000000 0.000000
36.000000 0.000000
37.000000 0.000000
38.000000 0.000000
39.000000 0.000000
40.000000 0.000000
41.000000 0.000000
42.000000 0.000000
43.000000 0.000000
44.000000 0.000000
45.000000 0.000000
46.000000 0.000000
47.000000 0.000000
48.000000 0.000000
49.000000 0.000000
50.000000 0.000000
0.000000 0.943875
1.000000 0.937578
2.000000 0.933290
3.000000 0.923085
4.000000 0.913803
5.000000 0.901482
6.000000 0.888455
7.000000 0.871954
8.000000 0.849265
9.000000 0.820225
10.000000 0.798893
11.000000 0.760083
12.000000 0.725995
13.000000 0.679640
14.000000 0.631819
15.000000 0.563860
16.000000 0.497965
17.000000 0.422678
18.000000 0.354991
19.000000 0.281659
20.000000 0.204473
21.000000 0.145742
22.000000 0.095424
23.000000 0.047441
24.000000 0.026217
25.000000 0.011290
26.000000 0.003962
27.000000 0.001628
28.000000 0.000217
29.000000 0.000000
30.000000 0.000000
31.000000 0.000000
32.000000 0.000000
33.000000 0.000000
34.000000 0.000000
35.000000 0.000000
36.000000 0.000000
37.000000 0.000000
38.000000 0.000000
39.000000 0.000000
40.000000 0.000000
41.000000 0.000000
42.000000 0.000000
43.000000 0.000000
44.000000 0.000000
45.000000 0.000000
46.000000 0.000000
47.000000 0.000000
48.000000 0.000000
49.000000 0.000000
50.000000 0.000000
0.000000 0.963198
1.000000 0.961624
2.000000 0.958367
3.000000 0.950877
4.000000 0.944472
5.000000 0.938609
6.000000 0.929056
7.000000 0.921891
8.000000 0.912772
9.000000 0.894914
10.000000 0.883135
11.000000 0.863757
12.000000 0.844488
13.000000 0.817836
14.000000 0.788362
15.000000 0.753515
16.000000 0.711882
17.000000 0.662867
18.000000 0.603756
19.000000 0.538566
20.000000 0.470065
21.000000 0.402595
22.000000 0.319003
23.000000 0.250068
24.000000 0.179830
25.000000 0.124084
26.000000 0.080226
27.000000 0.042067
28.000000 0.019378
29.000000 0.007925
30.000000 0.003311
31.000000 0.000923
32.000000 0.000217
33.000000 0.000000
34.000000 0.000000
35.000000 0.000000
36.000000 0.000000
37.000000 0.000000
38.000000 0.000000
39.000000 0.000000
40.000000 0.000000
41.000000 0.000000
42.000000 0.000000
43.000000 0.000000
44.000000 0.000000
45.000000 0.000000
46.000000 0.000000
47.000000 0.000000
48.000000 0.000000
49.000000 0.000000
50.000000 0.000000
0.000000 0.968626
1.000000 0.964012
2.000000 0.962384
3.000000 0.955870
4.000000 0.953102
5.000000 0.946209
6.000000 0.937741
7.000000 0.932313
8.000000 0.922814
9.000000 0.910601
10.000000 0.898714
11.000000 0.880964
12.000000 0.864734
13.000000 0.844054
14.000000 0.814960
15.000000 0.783586
16.000000 0.745373
17.000000 0.709331
18.000000 0.659176
19.000000 0.609998
20.000000 0.538457
21.000000 0.469305
22.000000 0.397981
23.000000 0.318732
24.000000 0.247082
25.000000 0.178581
26.000000 0.119796
27.000000 0.074744
28.000000 0.040113
29.000000 0.017858
30.000000 0.008196
31.000000 0.002443
32.000000 0.000434
33.000000 0.000271
34.000000 0.000000
35.000000 0.000000
36.000000 0.000000
37.000000 0.000000
38.000000 0.000000
39.000000 0.000000
40.000000 0.000000
41.000000 0.000000
42.000000 0.000000
43.000000 0.000000
44.000000 0.000000
45.000000 0.000000
46.000000 0.000000
47.000000 0.000000
48.000000 0.000000
49.000000 0.000000
50.000000 0.000000
0.000000 0.976822
1.000000 0.973783
2.000000 0.972806
3.000000 0.969386
4.000000 0.968355
5.000000 0.964175
6.000000 0.961841
7.000000 0.955545
8.000000 0.950280
9.000000 0.948325
10.000000 0.940238
11.000000 0.931607
12.000000 0.922000
13.000000 0.910981
14.000000 0.896434
15.000000 0.883787
16.000000 0.867828
17.000000 0.846930
18.000000 0.820225
19.000000 0.789177
20.000000 0.752429
21.000000 0.711013
22.000000 0.656191
23.000000 0.610541
24.000000 0.548173
25.000000 0.482658
26.000000 0.412256
27.000000 0.333279
28.000000 0.259567
29.000000 0.189654
30.000000 0.134994
31.000000 0.083157
32.000000 0.047983
33.000000 0.020192
34.000000 0.010530
35.000000 0.003420
36.000000 0.000977
37.000000 0.000054
38.000000 0.000054
39.000000 0.000000
40.000000 0.000000
41.000000 0.000000
42.000000 0.000000
43.000000 0.000000
44.000000 0.000000
45.000000 0.000000
46.000000 0.000000
47.000000 0.000000
48.000000 0.000000
49.000000 0.000000
50.000000 0.000000
0.000000 0.977202
1.000000 0.975194
2.000000 0.974434
3.000000 0.971449
4.000000 0.968898
5.000000 0.965044
6.000000 0.961353
7.000000 0.957824
8.000000 0.950062
9.000000 0.946100
10.000000 0.937795
11.000000 0.927319
12.000000 0.913586
13.000000 0.905716
14.000000 0.886718
15.000000 0.871465
16.000000 0.856538
17.000000 0.824187
18.000000 0.797644
19.000000 0.768387
20.000000 0.728274
21.000000 0.675297
22.000000 0.622591
23.000000 0.568094
24.000000 0.502361
25.000000 0.430766
26.000000 0.359171
27.000000 0.284481
28.000000 0.213320
29.000000 0.152961
30.000000 0.102426
31.000000 0.058677
32.000000 0.032514
33.000000 0.015253
34.000000 0.008685
35.000000 0.003257
36.000000 0.001466
37.000000 0.000651
38.000000 0.000597
39.000000 0.000163
40.000000 0.000163
41.000000 0.000109
42.000000 0.000000
43.000000 0.000000
44.000000 0.000000
45.000000 0.000000
46.000000 0.000000
47.000000 0.000000
48.000000 0.000000
49.000000 0.000000
50.000000 0.000000
