0.000000 0.009990
1.000000 0.007981
2.000000 0.006604
3.000000 0.005105
4.000000 0.004026
5.000000 0.003068
6.000000 0.002339
7.000000 0.001797
8.000000 0.001373
9.000000 0.000998
10.000000 0.000711
11.000000 0.000556
12.000000 0.000387
13.000000 0.000292
14.000000 0.000224
15.000000 0.000173
16.000000 0.000142
17.000000 0.000132
18.000000 0.000105
19.000000 0.000096
20.000000 0.000075
21.000000 0.000068
22.000000 0.000064
23.000000 0.000054
24.000000 0.000049
25.000000 0.000047
26.000000 0.000047
27.000000 0.000043
28.000000 0.000041
29.000000 0.000041
30.000000 0.000038
31.000000 0.000038
32.000000 0.000038
33.000000 0.000035
34.000000 0.000038
35.000000 0.000035
36.000000 0.000036
37.000000 0.000036
38.000000 0.000036
39.000000 0.000036
40.000000 0.000036
41.000000 0.000036
42.000000 0.000034
43.000000 0.000036
44.000000 0.000036
45.000000 0.000036
46.000000 0.000036
47.000000 0.000036
48.000000 0.000036
49.000000 0.000036
50.000000 0.000036
0.000000 0.019393
1.000000 0.016117
2.000000 0.013456
3.000000 0.010498
4.000000 0.007975
5.000000 0.006340
6.000000 0.005165
7.000000 0.004065
8.000000 0.003292
9.000000 0.002483
10.000000 0.002060
11.000000 0.001773
12.000000 0.001344
13.000000 0.001145
14.000000 0.000902
15.000000 0.000715
16.000000 0.000587
17.000000 0.000503
18.000000 0.000413
19.000000 0.000358
20.000000 0.000303
21.000000 0.000250
22.000000 0.000212
23.000000 0.000193
24.000000 0.000172
25.000000 0.000146
26.000000 0.000136
27.000000 0.000126
28.000000 0.000120
29.000000 0.000112
30.000000 0.000104
31.000000 0.000102
32.000000 0.000099
33.000000 0.000096
34.000000 0.000093
35.000000 0.000091
36.000000 0.000090
37.000000 0.000089
38.000000 0.000089
39.000000 0.000087
40.000000 0.000088
41.000000 0.000088
42.000000 0.000087
43.000000 0.000087
44.000000 0.000085
45.000000 0.000086
46.000000 0.000086
47.000000 0.000086
48.000000 0.000086
49.000000 0.000086
50.000000 0.000086
0.000000 0.040121
1.000000 0.032101
2.000000 0.026877
3.000000 0.020758
4.000000 0.016327
5.000000 0.012752
6.000000 0.010247
7.000000 0.008298
8.000000 0.006980
9.000000 0.005327
10.000000 0.004240
11.000000 0.003602
12.000000 0.002915
13.000000 0.002393
14.000000 0.001943
15.000000 0.001446
16.000000 0.001176
17.000000 0.001040
18.000000 0.000824
19.000000 0.000716
20.000000 0.000595
21.000000 0.000531
22.000000 0.000468
23.000000 0.000426
24.000000 0.000378
25.000000 0.000320
26.000000 0.000308
27.000000 0.000279
28.000000 0.000265
29.000000 0.000250
30.000000 0.000238
31.000000 0.000232
32.000000 0.000221
33.000000 0.000217
34.000000 0.000213
35.000000 0.000207
36.000000 0.000207
37.000000 0.000203
38.000000 0.000204
39.000000 0.000201
40.000000 0.000201
41.000000 0.000199
42.000000 0.000199
43.000000 0.000199
44.000000 0.000197
45.000000 0.000198
46.000000 0.000197
47.000000 0.000197
48.000000 0.000198
49.000000 0.000197
50.000000 0.000197
0.000000 0.079654
1.000000 0.061337
2.000000 0.053323
3.000000 0.042111
4.000000 0.033842
5.000000 0.026637
6.000000 0.021215
7.000000 0.017287
8.000000 0.013915
9.000000 0.010462
10.000000 0.008930
11.000000 0.006953
12.000000 0.005604
13.000000 0.004514
14.000000 0.003693
15.000000 0.002937
16.000000 0.002378
17.000000 0.002079
18.000000 0.001691
19.000000 0.001399
20.000000 0.001180
21.000000 0.001018
22.000000 0.000868
23.000000 0.000780
24.000000 0.000693
25.000000 0.000626
26.000000 0.000557
27.000000 0.000528
28.000000 0.000495
29.000000 0.000476
30.000000 0.000439
31.000000 0.000428
32.000000 0.000420
33.000000 0.000397
34.000000 0.000392
35.000000 0.000385
36.000000 0.000387
37.000000 0.000375
38.000000 0.000379
39.000000 0.000378
40.000000 0.000371
41.000000 0.000370
42.000000 0.000370
43.000000 0.000367
44.000000 0.000368
45.000000 0.000367
46.000000 0.000365
47.000000 0.000366
48.000000 0.000364
49.000000 0.000364
50.000000 0.000366
0.000000 0.155013
1.000000 0.128123
2.000000 0.102411
3.000000 0.083318
4.000000 0.066035
5.000000 0.054511
6.000000 0.042962
7.000000 0.034902
8.000000 0.026658
9.000000 0.020872
10.000000 0.017878
11.000000 0.013685
12.000000 0.010685
13.000000 0.008807
14.000000 0.007147
15.000000 0.005922
16.000000 0.004910
17.000000 0.003994
18.000000 0.003423
19.000000 0.002773
20.000000 0.002456
21.000000 0.002137
22.000000 0.001834
23.000000 0.001627
24.000000 0.001358
25.000000 0.001305
26.000000 0.001199
27.000000 0.001106
28.000000 0.001017
29.000000 0.000981
30.000000 0.000952
31.000000 0.000895
32.000000 0.000867
33.000000 0.000841
34.000000 0.000830
35.000000 0.000827
36.000000 0.000807
37.000000 0.000802
38.000000 0.000796
39.000000 0.000804
40.000000 0.000798
41.000000 0.000783
42.000000 0.000786
43.000000 0.000786
44.000000 0.000783
45.000000 0.000778
46.000000 0.000779
47.000000 0.000778
48.000000 0.000775
49.000000 0.000776
50.000000 0.000775
0.000000 0.352106
1.000000 0.283272
2.000000 0.223967
3.000000 0.186019
4.000000 0.144722
5.000000 0.113929
6.000000 0.088958
7.000000 0.072849
8.000000 0.056034
9.000000 0.046264
10.000000 0.038148
11.000000 0.029635
12.000000 0.023712
13.000000 0.018290
14.000000 0.014983
15.000000 0.013307
16.000000 0.011333
17.000000 0.009123
18.000000 0.007063
19.000000 0.006623
20.000000 0.005515
21.000000 0.004868
22.000000 0.004349
23.000000 0.003740
24.000000 0.003404
25.000000 0.003133
26.000000 0.002965
27.000000 0.002741
28.000000 0.002558
29.000000 0.002499
30.000000 0.002395
31.000000 0.002292
32.000000 0.002202
33.000000 0.002250
34.000000 0.002180
35.000000 0.002122
36.000000 0.002110
37.000000 0.002092
38.000000 0.002085
39.000000 0.002072
40.000000 0.002067
41.000000 0.002046
42.000000 0.002053
43.000000 0.002045
44.000000 0.002048
45.000000 0.002044
46.000000 0.002042
47.000000 0.002034
48.000000 0.002027
49.000000 0.002034
50.000000 0.002034
0.000000 0.657287
1.000000 0.540436
2.000000 0.449553
3.000000 0.333985
4.000000 0.265105
5.000000 0.212597
6.000000 0.175072
7.000000 0.140488
8.000000 0.107373
9.000000 0.088862
10.000000 0.070603
11.000000 0.056330
12.000000 0.045818
13.000000 0.037658
14.000000 0.031159
15.000000 0.026109
16.000000 0.021511
17.000000 0.018217
18.000000 0.014931
19.000000 0.013166
20.000000 0.012021
21.000000 0.010198
22.000000 0.009288
23.000000 0.008242
24.000000 0.007854
25.000000 0.007286
26.000000 0.006886
27.000000 0.006535
28.000000 0.006003
29.000000 0.005867
30.000000 0.005892
31.000000 0.005664
32.000000 0.005559
33.000000 0.005452
34.000000 0.005361
35.000000 0.005346
36.000000 0.005258
37.000000 0.005242
38.000000 0.005211
39.000000 0.005186
40.000000 0.005190
41.000000 0.005167
42.000000 0.005171
43.000000 0.005135
44.000000 0.005143
45.000000 0.005152
46.000000 0.005133
47.000000 0.005144
48.000000 0.005129
49.000000 0.005128
50.000000 0.005115
