0.000000 0.994911
1.000000 0.795358
2.000000 0.630579
3.000000 0.499345
4.000000 0.397758
5.000000 0.313096
6.000000 0.249510
7.000000 0.198690
8.000000 0.157795
9.000000 0.125397
10.000000 0.099779
11.000000 0.079030
12.000000 0.062760
13.000000 0.049798
14.000000 0.039792
15.000000 0.031417
16.000000 0.024997
17.000000 0.019839
18.000000 0.015792
19.000000 0.012547
20.000000 0.009926
21.000000 0.007926
22.000000 0.006296
23.000000 0.004964
24.000000 0.003953
25.000000 0.003154
26.000000 0.002505
27.000000 0.001989
28.000000 0.001584
29.000000 0.001256
30.000000 0.000999
31.000000 0.000788
32.000000 0.000627
33.000000 0.000499
34.000000 0.000397
35.000000 0.000316
36.000000 0.000252
37.000000 0.000200
38.000000 0.000160
39.000000 0.000127
40.000000 0.000101
41.000000 0.000081
42.000000 0.000065
43.000000 0.000052
44.000000 0.000042
45.000000 0.000034
46.000000 0.000028
47.000000 0.000022
48.000000 0.000018
49.000000 0.000015
50.000000 0.000013
0.000000 0.747462
1.000000 0.598074
2.000000 0.475029
3.000000 0.377286
4.000000 0.299342
5.000000 0.237063
6.000000 0.187967
7.000000 0.149923
8.000000 0.118541
9.000000 0.094290
10.000000 0.075418
11.000000 0.059670
12.000000 0.047342
13.000000 0.037814
14.000000 0.029989
15.000000 0.023792
16.000000 0.019077
17.000000 0.015127
18.000000 0.012092
19.000000 0.009638
20.000000 0.007679
21.000000 0.006183
22.000000 0.004982
23.000000 0.003947
24.000000 0.003194
25.000000 0.002599
26.000000 0.002109
27.000000 0.001732
28.000000 0.001417
29.000000 0.001175
30.000000 0.000975
31.000000 0.000817
32.000000 0.000701
33.000000 0.000604
34.000000 0.000527
35.000000 0.000468
36.000000 0.000414
37.000000 0.000378
38.000000 0.000352
39.000000 0.000324
40.000000 0.000305
41.000000 0.000290
42.000000 0.000277
43.000000 0.000268
44.000000 0.000260
45.000000 0.000255
46.000000 0.000249
47.000000 0.000246
48.000000 0.000242
49.000000 0.000240
50.000000 0.000238
0.000000 0.684310
1.000000 0.550239
2.000000 0.439960
3.000000 0.348392
4.000000 0.278913
5.000000 0.219978
6.000000 0.173915
7.000000 0.138749
8.000000 0.109592
9.000000 0.087577
10.000000 0.069388
11.000000 0.055043
12.000000 0.043607
13.000000 0.034964
14.000000 0.027801
15.000000 0.021888
16.000000 0.017976
17.000000 0.013921
18.000000 0.011170
19.000000 0.009005
20.000000 0.007167
21.000000 0.005716
22.000000 0.004621
23.000000 0.003727
24.000000 0.003035
25.000000 0.002439
26.000000 0.002044
27.000000 0.001628
28.000000 0.001374
29.000000 0.001140
30.000000 0.000957
31.000000 0.000814
32.000000 0.000701
33.000000 0.000603
34.000000 0.000547
35.000000 0.000492
36.000000 0.000441
37.000000 0.000407
38.000000 0.000381
39.000000 0.000353
40.000000 0.000336
41.000000 0.000321
42.000000 0.000309
43.000000 0.000300
44.000000 0.000294
45.000000 0.000289
46.000000 0.000284
47.000000 0.000281
48.000000 0.000279
49.000000 0.000276
50.000000 0.000274
0.000000 0.695083
1.000000 0.577745
2.000000 0.450548
3.000000 0.367146
4.000000 0.289071
5.000000 0.226356
6.000000 0.179814
7.000000 0.140911
8.000000 0.111905
9.000000 0.089622
10.000000 0.071506
11.000000 0.056950
12.000000 0.046629
13.000000 0.036527
14.000000 0.029251
15.000000 0.022398
16.000000 0.018960
17.000000 0.014323
18.000000 0.011902
19.000000 0.009675
20.000000 0.007992
21.000000 0.006275
22.000000 0.005049
23.000000 0.004203
24.000000 0.003412
25.000000 0.002857
26.000000 0.002541
27.000000 0.002072
28.000000 0.001825
29.000000 0.001507
30.000000 0.001335
31.000000 0.001183
32.000000 0.001065
33.000000 0.001018
34.000000 0.000959
35.000000 0.000866
36.000000 0.000848
37.000000 0.000770
38.000000 0.000778
39.000000 0.000750
40.000000 0.000718
41.000000 0.000736
42.000000 0.000707
43.000000 0.000694
44.000000 0.000674
45.000000 0.000686
46.000000 0.000680
47.000000 0.000682
48.000000 0.000669
49.000000 0.000669
50.000000 0.000671
0.000000 0.880066
1.000000 0.762681
2.000000 0.562616
3.000000 0.462975
4.000000 0.413899
5.000000 0.302122
6.000000 0.239114
7.000000 0.200434
8.000000 0.151361
9.000000 0.123712
10.000000 0.120011
11.000000 0.078866
12.000000 0.068675
13.000000 0.059705
14.000000 0.053241
15.000000 0.039731
16.000000 0.038186
17.000000 0.030219
18.000000 0.027466
19.000000 0.026790
20.000000 0.023873
21.000000 0.021912
22.000000 0.019079
23.000000 0.017545
24.000000 0.016045
25.000000 0.016000
26.000000 0.016675
27.000000 0.014656
28.000000 0.015013
29.000000 0.015785
30.000000 0.014504
31.000000 0.014613
32.000000 0.014595
33.000000 0.014689
34.000000 0.014608
35.000000 0.014125
36.000000 0.014804
37.000000 0.014273
38.000000 0.014278
39.000000 0.014419
40.000000 0.013918
41.000000 0.014366
42.000000 0.013965
43.000000 0.014213
44.000000 0.014062
45.000000 0.014114
46.000000 0.014101
47.000000 0.014080
48.000000 0.014044
49.000000 0.014171
50.000000 0.014105
0.000000 2.897808
1.000000 2.965605
2.000000 1.735772
3.000000 1.985142
4.000000 1.337599
5.000000 1.014330
6.000000 1.121269
7.000000 0.905393
8.000000 0.671017
9.000000 0.772924
10.000000 0.566922
11.000000 0.399140
12.000000 0.570805
13.000000 0.392519
14.000000 0.499215
15.000000 0.397060
16.000000 0.416364
17.000000 0.405851
18.000000 0.304913
19.000000 0.339768
20.000000 0.399613
21.000000 0.401701
22.000000 0.373188
23.000000 0.328043
24.000000 0.354958
25.000000 0.331706
26.000000 0.332020
27.000000 0.350478
28.000000 0.330826
29.000000 0.338061
30.000000 0.327142
31.000000 0.330872
32.000000 0.330717
33.000000 0.328925
34.000000 0.323794
35.000000 0.330847
36.000000 0.345515
37.000000 0.330833
38.000000 0.330788
39.000000 0.335515
40.000000 0.334379
41.000000 0.339132
42.000000 0.332240
43.000000 0.333872
44.000000 0.331093
45.000000 0.332824
46.000000 0.332498
47.000000 0.331799
48.000000 0.334122
49.000000 0.333689
50.000000 0.331811
0.000000 13.219203
1.000000 13.829967
2.000000 17.508670
3.000000 17.701392
4.000000 22.105088
5.000000 10.950141
6.000000 13.047745
7.000000 12.325786
8.000000 9.270495
9.000000 9.284791
10.000000 6.801414
11.000000 6.286066
12.000000 9.180753
13.000000 8.147416
14.000000 7.853845
15.000000 8.693341
16.000000 7.367963
17.000000 7.976778
18.000000 6.865098
19.000000 7.981325
20.000000 7.650684
21.000000 7.448965
22.000000 7.879004
23.000000 7.446118
24.000000 7.355981
25.000000 7.434006
26.000000 7.366416
27.000000 7.214334
28.000000 7.193742
29.000000 7.394611
30.000000 7.467129
31.000000 7.426632
32.000000 7.447515
33.000000 7.280745
34.000000 7.345723
35.000000 7.331902
36.000000 7.394384
37.000000 7.427852
38.000000 7.417455
39.000000 7.392503
40.000000 7.409290
41.000000 7.445300
42.000000 7.372511
43.000000 7.366366
44.000000 7.402187
45.000000 7.424482
46.000000 7.396135
47.000000 7.412828
48.000000 7.407767
49.000000 7.394192
50.000000 7.386612
