0.000000 0.967050
1.000000 0.974577
2.000000 0.961168
3.000000 0.951128
4.000000 0.940819
5.000000 0.927470
6.000000 0.914190
7.000000 0.911438
8.000000 0.868299
9.000000 0.852058
10.000000 0.823056
11.000000 0.801322
12.000000 0.817672
13.000000 0.695842
14.000000 0.653570
15.000000 0.592555
16.000000 0.493056
17.000000 0.423317
18.000000 0.346022
19.000000 0.268895
20.000000 0.201290
21.000000 0.142777
22.000000 0.092440
23.000000 0.052680
24.000000 0.029650
25.000000 0.012941
26.000000 0.005284
27.000000 0.002134
28.000000 0.000588
29.000000 0.000130
30.000000 0.000030
31.000000 0.000000
32.000000 0.000000
33.000000 0.000000
34.000000 0.000000
35.000000 0.000000
36.000000 0.000000
37.000000 0.000000
38.000000 0.000000
39.000000 0.000000
40.000000 0.000000
41.000000 0.000000
42.000000 0.000000
43.000000 0.000000
44.000000 0.000000
45.000000 0.000000
46.000000 0.000000
47.000000 0.000000
48.000000 0.000000
49.000000 0.000000
50.000000 0.000000
