-10.000000 0.981516
-9.000000 0.981037
-8.000000 0.980060
-7.000000 0.979502
-6.000000 0.977010
-5.000000 0.974896
-4.000000 0.973740
-3.000000 0.970479
-2.000000 0.967678
-1.000000 0.961257
0.000000 0.956821
1.000000 0.950440
2.000000 0.944209
3.000000 0.936363
4.000000 0.923203
5.000000 0.912266
6.000000 0.895885
7.000000 0.877930
8.000000 0.856604
9.000000 0.831550
10.000000 0.797803
11.000000 0.761024
12.000000 0.718174
13.000000 0.676470
14.000000 0.619822
15.000000 0.570930
16.000000 0.504701
17.000000 0.445221
18.000000 0.372990
19.000000 0.315295
20.000000 0.249783
21.000000 0.197980
22.000000 0.144622
23.000000 0.105391
24.000000 0.070945
25.000000 0.044146
26.000000 0.029092
27.000000 0.015653
28.000000 0.008554
29.000000 0.003350
30.000000 0.001834
31.000000 0.000588
32.000000 0.000100
33.000000 0.000030
34.000000 0.000000
35.000000 0.000000
36.000000 0.000000
37.000000 0.000000
38.000000 0.000000
39.000000 0.000000
40.000000 0.000000
41.000000 0.000000
42.000000 0.000000
43.000000 0.000000
44.000000 0.000000
45.000000 0.000000
46.000000 0.000000
47.000000 0.000000
48.000000 0.000000
49.000000 0.000000
50.000000 0.000000
