0.000000 0.956342
1.000000 0.950410
2.000000 0.942943
3.000000 0.934070
4.000000 0.923263
5.000000 0.911129
6.000000 0.892635
7.000000 0.875118
8.000000 0.851709
9.000000 0.823216
10.000000 0.795629
11.000000 0.754474
12.000000 0.708972
13.000000 0.661306
14.000000 0.601418
15.000000 0.533184
16.000000 0.465081
17.000000 0.393887
18.000000 0.325534
19.000000 0.250561
20.000000 0.186335
21.000000 0.126816
22.000000 0.084105
23.000000 0.051115
24.000000 0.025453
25.000000 0.012133
26.000000 0.005134
27.000000 0.001705
28.000000 0.000489
29.000000 0.000130
30.000000 0.000000
31.000000 0.000010
32.000000 0.000000
33.000000 0.000000
34.000000 0.000000
35.000000 0.000000
36.000000 0.000000
37.000000 0.000000
38.000000 0.000000
39.000000 0.000000
40.000000 0.000000
41.000000 0.000000
42.000000 0.000000
43.000000 0.000000
44.000000 0.000000
45.000000 0.000000
46.000000 0.000000
47.000000 0.000000
48.000000 0.000000
49.000000 0.000000
50.000000 0.000000
0.000000 0.957967
1.000000 0.951068
2.000000 0.944299
3.000000 0.933202
4.000000 0.921887
5.000000 0.907371
6.000000 0.893253
7.000000 0.874411
8.000000 0.849486
9.000000 0.823644
10.000000 0.789069
11.000000 0.756448
12.000000 0.705433
13.000000 0.660778
14.000000 0.611966
15.000000 0.537671
16.000000 0.465868
17.000000 0.393209
18.000000 0.318266
19.000000 0.250770
20.000000 0.181500
21.000000 0.128002
22.000000 0.081064
23.000000 0.048453
24.000000 0.025443
25.000000 0.012283
26.000000 0.004666
27.000000 0.001605
28.000000 0.000628
29.000000 0.000080
30.000000 0.000000
31.000000 0.000000
32.000000 0.000000
33.000000 0.000000
34.000000 0.000000
35.000000 0.000000
36.000000 0.000000
37.000000 0.000000
38.000000 0.000000
39.000000 0.000000
40.000000 0.000000
41.000000 0.000000
42.000000 0.000000
43.000000 0.000000
44.000000 0.000000
45.000000 0.000000
46.000000 0.000000
47.000000 0.000000
48.000000 0.000000
49.000000 0.000000
50.000000 0.000000
0.000000 0.957788
1.000000 0.951278
2.000000 0.944189
3.000000 0.934329
4.000000 0.922794
5.000000 0.907241
6.000000 0.893154
7.000000 0.873812
8.000000 0.854800
9.000000 0.826745
10.000000 0.791472
11.000000 0.760246
12.000000 0.714326
13.000000 0.658794
14.000000 0.601996
15.000000 0.538957
16.000000 0.467384
17.000000 0.396578
18.000000 0.321835
19.000000 0.246882
20.000000 0.184740
21.000000 0.133137
22.000000 0.082989
23.000000 0.045253
24.000000 0.024645
25.000000 0.012841
26.000000 0.004327
27.000000 0.001316
28.000000 0.000369
29.000000 0.000090
30.000000 0.000030
31.000000 0.000000
32.000000 0.000000
33.000000 0.000000
34.000000 0.000000
35.000000 0.000000
36.000000 0.000000
37.000000 0.000000
38.000000 0.000000
39.000000 0.000000
40.000000 0.000000
41.000000 0.000000
42.000000 0.000000
43.000000 0.000000
44.000000 0.000000
45.000000 0.000000
46.000000 0.000000
47.000000 0.000000
48.000000 0.000000
49.000000 0.000000
50.000000 0.000000
0.000000 0.956831
1.000000 0.951298
2.000000 0.943162
3.000000 0.934369
4.000000 0.922485
5.000000 0.911698
6.000000 0.892695
7.000000 0.871549
8.000000 0.851490
9.000000 0.826416
10.000000 0.794463
11.000000 0.753946
12.000000 0.709949
13.000000 0.657687
14.000000 0.600859
15.000000 0.540692
16.000000 0.470684
17.000000 0.397286
18.000000 0.328295
19.000000 0.259932
20.000000 0.186824
21.000000 0.128899
22.000000 0.082959
23.000000 0.049380
24.000000 0.026779
25.000000 0.013599
26.000000 0.006082
27.000000 0.003111
28.000000 0.002114
29.000000 0.001286
30.000000 0.000927
31.000000 0.000977
32.000000 0.000897
33.000000 0.000598
34.000000 0.000648
35.000000 0.000638
36.000000 0.000339
37.000000 0.000070
38.000000 0.000189
39.000000 0.000080
40.000000 0.000090
41.000000 0.000090
42.000000 0.000060
43.000000 0.000000
44.000000 0.000000
45.000000 0.000000
46.000000 0.000000
47.000000 0.000000
48.000000 0.000000
49.000000 0.000000
50.000000 0.000000
0.000000 0.958496
1.000000 0.951467
2.000000 0.944149
3.000000 0.935416
4.000000 0.927709
5.000000 0.910860
6.000000 0.896314
7.000000 0.876335
8.000000 0.854611
9.000000 0.827114
10.000000 0.792339
11.000000 0.759429
12.000000 0.717675
13.000000 0.664995
14.000000 0.612903
15.000000 0.540423
16.000000 0.475918
17.000000 0.405790
18.000000 0.331934
19.000000 0.259803
20.000000 0.190204
21.000000 0.138550
22.000000 0.090117
23.000000 0.054535
24.000000 0.032850
25.000000 0.017288
26.000000 0.010837
27.000000 0.008255
28.000000 0.006590
29.000000 0.006012
30.000000 0.005723
31.000000 0.005583
32.000000 0.005533
33.000000 0.005523
34.000000 0.005264
35.000000 0.004975
36.000000 0.004865
37.000000 0.004766
38.000000 0.004327
39.000000 0.004127
40.000000 0.003838
41.000000 0.003709
42.000000 0.003290
43.000000 0.002891
44.000000 0.002502
45.000000 0.001944
46.000000 0.001495
47.000000 0.001426
48.000000 0.001306
49.000000 0.000758
50.000000 0.000359
0.000000 0.972932
1.000000 0.967439
2.000000 0.961756
3.000000 0.954408
4.000000 0.945246
5.000000 0.935306
6.000000 0.921907
7.000000 0.906394
8.000000 0.885936
9.000000 0.864840
10.000000 0.842876
11.000000 0.809437
12.000000 0.773267
13.000000 0.730277
14.000000 0.681794
15.000000 0.627708
16.000000 0.563552
17.000000 0.503654
18.000000 0.423587
19.000000 0.356181
20.000000 0.280600
21.000000 0.217611
22.000000 0.156974
23.000000 0.109757
24.000000 0.072510
25.000000 0.047426
26.000000 0.031365
27.000000 0.021804
28.000000 0.017118
29.000000 0.015084
30.000000 0.014287
31.000000 0.013868
32.000000 0.013559
33.000000 0.013449
34.000000 0.013529
35.000000 0.012971
36.000000 0.012622
37.000000 0.012432
38.000000 0.012153
39.000000 0.011685
40.000000 0.011555
41.000000 0.010917
42.000000 0.010658
43.000000 0.010050
44.000000 0.009023
45.000000 0.009192
46.000000 0.007796
47.000000 0.007477
48.000000 0.006580
49.000000 0.005424
50.000000 0.004646
0.000000 0.983969
1.000000 0.983939
2.000000 0.984527
3.000000 0.984258
4.000000 0.983989
5.000000 0.984706
6.000000 0.984557
7.000000 0.984806
8.000000 0.983520
9.000000 0.984427
10.000000 0.984268
11.000000 0.984238
12.000000 0.984088
13.000000 0.984397
14.000000 0.984018
15.000000 0.983799
16.000000 0.983829
17.000000 0.983031
18.000000 0.982752
19.000000 0.983480
20.000000 0.982782
21.000000 0.982533
22.000000 0.982014
23.000000 0.981995
24.000000 0.980858
25.000000 0.980409
26.000000 0.979313
27.000000 0.977428
28.000000 0.975066
29.000000 0.973022
30.000000 0.970380
31.000000 0.968286
32.000000 0.962902
33.000000 0.959353
34.000000 0.952205
35.000000 0.947060
36.000000 0.937410
37.000000 0.923871
38.000000 0.913901
39.000000 0.897501
40.000000 0.879555
41.000000 0.857073
42.000000 0.834860
43.000000 0.802708
44.000000 0.770037
45.000000 0.725781
46.000000 0.674775
47.000000 0.621926
48.000000 0.567919
49.000000 0.502378
50.000000 0.432589
