0.000000 0.924442
1.000000 0.914346
2.000000 0.902676
3.000000 0.889377
4.000000 0.875373
5.000000 0.852304
6.000000 0.830809
7.000000 0.803452
8.000000 0.770884
9.000000 0.733920
10.000000 0.689681
11.000000 0.631276
12.000000 0.576833
13.000000 0.517722
14.000000 0.444390
15.000000 0.366173
16.000000 0.290832
17.000000 0.225479
18.000000 0.155729
19.000000 0.101232
20.000000 0.059491
21.000000 0.029203
22.000000 0.012973
23.000000 0.004017
24.000000 0.001466
25.000000 0.000163
26.000000 0.000054
27.000000 0.000054
28.000000 0.000000
29.000000 0.000000
30.000000 0.000000
31.000000 0.000000
32.000000 0.000000
33.000000 0.000000
34.000000 0.000000
35.000000 0.000000
36.000000 0.000000
37.000000 0.000000
38.000000 0.000000
39.000000 0.000000
40.000000 0.000000
41.000000 0.000000
42.000000 0.000000
43.000000 0.000000
44.000000 0.000000
45.000000 0.000000
46.000000 0.000000
47.000000 0.000000
48.000000 0.000000
49.000000 0.000000
50.000000 0.000000
0.000000 0.937632
1.000000 0.932313
2.000000 0.917820
3.000000 0.908375
4.000000 0.890897
5.000000 0.878359
6.000000 0.861695
7.000000 0.838191
8.000000 0.811757
9.000000 0.782880
10.000000 0.753406
11.000000 0.706942
12.000000 0.657005
13.000000 0.600608
14.000000 0.540303
15.000000 0.469630
16.000000 0.397438
17.000000 0.323400
18.000000 0.253867
19.000000 0.179341
20.000000 0.121370
21.000000 0.072681
22.000000 0.041904
23.000000 0.020735
24.000000 0.007002
25.000000 0.002660
26.000000 0.000543
27.000000 0.000109
28.000000 0.000054
29.000000 0.000000
30.000000 0.000000
31.000000 0.000000
32.000000 0.000000
33.000000 0.000000
34.000000 0.000000
35.000000 0.000000
36.000000 0.000000
37.000000 0.000000
38.000000 0.000000
39.000000 0.000000
40.000000 0.000000
41.000000 0.000000
42.000000 0.000000
43.000000 0.000000
44.000000 0.000000
45.000000 0.000000
46.000000 0.000000
47.000000 0.000000
48.000000 0.000000
49.000000 0.000000
50.000000 0.000000
0.000000 0.944092
1.000000 0.937632
2.000000 0.933290
3.000000 0.922814
4.000000 0.913695
5.000000 0.901753
6.000000 0.888346
7.000000 0.871736
8.000000 0.849482
9.000000 0.820496
10.000000 0.799110
11.000000 0.759703
12.000000 0.724746
13.000000 0.679314
14.000000 0.631330
15.000000 0.563915
16.000000 0.498127
17.000000 0.422352
18.000000 0.354068
19.000000 0.281333
20.000000 0.203821
21.000000 0.145090
22.000000 0.095533
23.000000 0.047224
24.000000 0.026054
25.000000 0.011127
26.000000 0.003962
27.000000 0.001737
28.000000 0.000217
29.000000 0.000000
30.000000 0.000000
31.000000 0.000000
32.000000 0.000000
33.000000 0.000000
34.000000 0.000000
35.000000 0.000000
36.000000 0.000000
37.000000 0.000000
38.000000 0.000000
39.000000 0.000000
40.000000 0.000000
41.000000 0.000000
42.000000 0.000000
43.000000 0.000000
44.000000 0.000000
45.000000 0.000000
46.000000 0.000000
47.000000 0.000000
48.000000 0.000000
49.000000 0.000000
50.000000 0.000000
0.000000 0.962872
1.000000 0.961570
2.000000 0.958693
3.000000 0.951148
4.000000 0.944146
5.000000 0.938718
6.000000 0.929165
7.000000 0.921565
8.000000 0.912718
9.000000 0.895131
10.000000 0.883298
11.000000 0.863323
12.000000 0.843999
13.000000 0.816208
14.000000 0.788308
15.000000 0.752483
16.000000 0.711502
17.000000 0.662596
18.000000 0.604028
19.000000 0.538349
20.000000 0.470607
21.000000 0.401943
22.000000 0.318352
23.000000 0.249362
24.000000 0.179612
25.000000 0.123378
26.000000 0.079792
27.000000 0.042393
28.000000 0.019324
29.000000 0.008142
30.000000 0.003311
31.000000 0.000814
32.000000 0.000271
33.000000 0.000000
34.000000 0.000000
35.000000 0.000000
36.000000 0.000000
37.000000 0.000000
38.000000 0.000000
39.000000 0.000000
40.000000 0.000000
41.000000 0.000000
42.000000 0.000000
43.000000 0.000000
44.000000 0.000000
45.000000 0.000000
46.000000 0.000000
47.000000 0.000000
48.000000 0.000000
49.000000 0.000000
50.000000 0.000000
0.000000 0.968518
1.000000 0.964012
2.000000 0.961678
3.000000 0.955599
4.000000 0.952505
5.000000 0.945503
6.000000 0.937741
7.000000 0.932150
8.000000 0.922868
9.000000 0.911144
10.000000 0.898876
11.000000 0.881127
12.000000 0.865603
13.000000 0.844271
14.000000 0.814960
15.000000 0.783749
16.000000 0.744830
17.000000 0.709874
18.000000 0.658470
19.000000 0.608424
20.000000 0.538077
21.000000 0.468762
22.000000 0.397764
23.000000 0.320143
24.000000 0.245834
25.000000 0.177007
26.000000 0.119470
27.000000 0.074255
28.000000 0.039842
29.000000 0.017587
30.000000 0.007816
31.000000 0.002171
32.000000 0.000434
33.000000 0.000217
34.000000 0.000000
35.000000 0.000000
36.000000 0.000000
37.000000 0.000000
38.000000 0.000000
39.000000 0.000000
40.000000 0.000000
41.000000 0.000000
42.000000 0.000000
43.000000 0.000000
44.000000 0.000000
45.000000 0.000000
46.000000 0.000000
47.000000 0.000000
48.000000 0.000000
49.000000 0.000000
50.000000 0.000000
0.000000 0.976334
1.000000 0.973783
2.000000 0.972100
3.000000 0.969115
4.000000 0.968409
5.000000 0.964175
6.000000 0.961515
7.000000 0.955545
8.000000 0.949737
9.000000 0.948054
10.000000 0.939804
11.000000 0.931064
12.000000 0.922108
13.000000 0.910872
14.000000 0.897085
15.000000 0.884601
16.000000 0.868262
17.000000 0.846659
18.000000 0.819139
19.000000 0.789339
20.000000 0.752429
21.000000 0.711502
22.000000 0.657113
23.000000 0.611898
24.000000 0.549368
25.000000 0.481246
26.000000 0.412419
27.000000 0.332791
28.000000 0.259458
29.000000 0.189166
30.000000 0.133909
31.000000 0.083103
32.000000 0.046952
33.000000 0.019595
34.000000 0.010259
35.000000 0.003203
36.000000 0.000760
37.000000 0.000000
38.000000 0.000000
39.000000 0.000000
40.000000 0.000000
41.000000 0.000000
42.000000 0.000000
43.000000 0.000000
44.000000 0.000000
45.000000 0.000000
46.000000 0.000000
47.000000 0.000000
48.000000 0.000000
49.000000 0.000000
50.000000 0.000000
0.000000 0.977908
1.000000 0.975194
2.000000 0.974163
3.000000 0.972046
4.000000 0.967866
5.000000 0.964718
6.000000 0.962330
7.000000 0.958476
8.000000 0.949845
9.000000 0.946046
10.000000 0.938392
11.000000 0.929382
12.000000 0.913043
13.000000 0.906313
14.000000 0.888183
15.000000 0.871085
16.000000 0.856864
17.000000 0.825544
18.000000 0.797264
19.000000 0.769419
20.000000 0.728166
21.000000 0.675351
22.000000 0.620854
23.000000 0.569614
24.000000 0.500624
25.000000 0.429029
26.000000 0.357868
27.000000 0.280193
28.000000 0.207621
29.000000 0.145470
30.000000 0.095804
31.000000 0.054443
32.000000 0.027249
33.000000 0.010802
34.000000 0.005211
35.000000 0.000923
36.000000 0.000163
37.000000 0.000000
38.000000 0.000000
39.000000 0.000000
40.000000 0.000000
41.000000 0.000000
42.000000 0.000000
43.000000 0.000000
44.000000 0.000000
45.000000 0.000000
46.000000 0.000000
47.000000 0.000000
48.000000 0.000000
49.000000 0.000000
50.000000 0.000000
