0.000000 0.943850
1.000000 0.932325
2.000000 0.921598
3.000000 0.905945
4.000000 0.891947
5.000000 0.867382
6.000000 0.843953
7.000000 0.815678
8.000000 0.780605
9.000000 0.735910
10.000000 0.692532
11.000000 0.637678
12.000000 0.577859
13.000000 0.510782
14.000000 0.440017
15.000000 0.361913
16.000000 0.285814
17.000000 0.213702
18.000000 0.148161
19.000000 0.095062
20.000000 0.054146
21.000000 0.026639
22.000000 0.011415
23.000000 0.004427
24.000000 0.001107
25.000000 0.000209
26.000000 0.000030
27.000000 0.000000
28.000000 0.000000
29.000000 0.000000
30.000000 0.000000
31.000000 0.000000
32.000000 0.000000
33.000000 0.000000
34.000000 0.000000
35.000000 0.000000
36.000000 0.000000
37.000000 0.000000
38.000000 0.000000
39.000000 0.000000
40.000000 0.000000
41.000000 0.000000
42.000000 0.000000
43.000000 0.000000
44.000000 0.000000
45.000000 0.000000
46.000000 0.000000
47.000000 0.000000
48.000000 0.000000
49.000000 0.000000
50.000000 0.000000
0.000000 0.969692
1.000000 0.965495
2.000000 0.962982
3.000000 0.959822
4.000000 0.958426
5.000000 0.954986
6.000000 0.952693
7.000000 0.950121
8.000000 0.946981
9.000000 0.946333
10.000000 0.944149
11.000000 0.943112
12.000000 0.941378
13.000000 0.941447
14.000000 0.940092
15.000000 0.939633
16.000000 0.938885
17.000000 0.938347
18.000000 0.938167
19.000000 0.937479
20.000000 0.937420
21.000000 0.937150
22.000000 0.937051
23.000000 0.937121
24.000000 0.937081
25.000000 0.937111
26.000000 0.937101
27.000000 0.937101
28.000000 0.937101
29.000000 0.937101
30.000000 0.937101
31.000000 0.937101
32.000000 0.937101
33.000000 0.937101
34.000000 0.937101
35.000000 0.937101
36.000000 0.937101
37.000000 0.937101
38.000000 0.937101
39.000000 0.937101
40.000000 0.937101
41.000000 0.937101
42.000000 0.937101
43.000000 0.937101
44.000000 0.937101
45.000000 0.937101
46.000000 0.937101
47.000000 0.937101
48.000000 0.937101
49.000000 0.937101
50.000000 0.937101
0.000000 0.977927
1.000000 0.977099
2.000000 0.975345
3.000000 0.975235
4.000000 0.974427
5.000000 0.973431
6.000000 0.971746
7.000000 0.969891
8.000000 0.968266
9.000000 0.966631
10.000000 0.965824
11.000000 0.962135
12.000000 0.959852
13.000000 0.956372
14.000000 0.953780
15.000000 0.950779
16.000000 0.947788
17.000000 0.944708
18.000000 0.942414
19.000000 0.940600
20.000000 0.939224
21.000000 0.938496
22.000000 0.937898
23.000000 0.937629
24.000000 0.937529
25.000000 0.937529
26.000000 0.937519
27.000000 0.937519
28.000000 0.937519
29.000000 0.937519
30.000000 0.937519
31.000000 0.937519
32.000000 0.937519
33.000000 0.937519
34.000000 0.937519
35.000000 0.937519
36.000000 0.937519
37.000000 0.937519
38.000000 0.937519
39.000000 0.937519
40.000000 0.937519
41.000000 0.937519
42.000000 0.937519
43.000000 0.937519
44.000000 0.937519
45.000000 0.937519
46.000000 0.937519
47.000000 0.937519
48.000000 0.937519
49.000000 0.937519
50.000000 0.937519
0.000000 0.978924
1.000000 0.978415
2.000000 0.977329
3.000000 0.975833
4.000000 0.975155
5.000000 0.974268
6.000000 0.972543
7.000000 0.970180
8.000000 0.969263
9.000000 0.966771
10.000000 0.965195
11.000000 0.962224
12.000000 0.959941
13.000000 0.957050
14.000000 0.954338
15.000000 0.950979
16.000000 0.948057
17.000000 0.945266
18.000000 0.943162
19.000000 0.941358
20.000000 0.939812
21.000000 0.938985
22.000000 0.938377
23.000000 0.938108
24.000000 0.938068
25.000000 0.938038
26.000000 0.938038
27.000000 0.938038
28.000000 0.938038
29.000000 0.938038
30.000000 0.938038
31.000000 0.938038
32.000000 0.938038
33.000000 0.938038
34.000000 0.938038
35.000000 0.938038
36.000000 0.938038
37.000000 0.938038
38.000000 0.938038
39.000000 0.938038
40.000000 0.938038
41.000000 0.938038
42.000000 0.938038
43.000000 0.938038
44.000000 0.938038
45.000000 0.938038
46.000000 0.938038
47.000000 0.938038
48.000000 0.938038
49.000000 0.938038
50.000000 0.938038
0.000000 0.978934
1.000000 0.977957
2.000000 0.976800
3.000000 0.977389
4.000000 0.975255
5.000000 0.973909
6.000000 0.972832
7.000000 0.970549
8.000000 0.969203
9.000000 0.967259
10.000000 0.964886
11.000000 0.962354
12.000000 0.960480
13.000000 0.957479
14.000000 0.954478
15.000000 0.951637
16.000000 0.948845
17.000000 0.946283
18.000000 0.943900
19.000000 0.942056
20.000000 0.940351
21.000000 0.939653
22.000000 0.939025
23.000000 0.938766
24.000000 0.938646
25.000000 0.938626
26.000000 0.938606
27.000000 0.938636
28.000000 0.938586
29.000000 0.938556
30.000000 0.938576
31.000000 0.938556
32.000000 0.938556
33.000000 0.938536
34.000000 0.938536
35.000000 0.938536
36.000000 0.938536
37.000000 0.938536
38.000000 0.938536
39.000000 0.938536
40.000000 0.938546
41.000000 0.938536
42.000000 0.938536
43.000000 0.938536
44.000000 0.938536
45.000000 0.938536
46.000000 0.938536
47.000000 0.938536
48.000000 0.938536
49.000000 0.938536
50.000000 0.938536
0.000000 0.978635
1.000000 0.978346
2.000000 0.977418
3.000000 0.975813
4.000000 0.975973
5.000000 0.973500
6.000000 0.972404
7.000000 0.971028
8.000000 0.968954
9.000000 0.966741
10.000000 0.965475
11.000000 0.962214
12.000000 0.960290
13.000000 0.957489
14.000000 0.954598
15.000000 0.951716
16.000000 0.948107
17.000000 0.946014
18.000000 0.943421
19.000000 0.941607
20.000000 0.939892
21.000000 0.939174
22.000000 0.938716
23.000000 0.938277
24.000000 0.938118
25.000000 0.938157
26.000000 0.938118
27.000000 0.938177
28.000000 0.938127
29.000000 0.938088
30.000000 0.938108
31.000000 0.938127
32.000000 0.938098
33.000000 0.938118
34.000000 0.938177
35.000000 0.938127
36.000000 0.938147
37.000000 0.938137
38.000000 0.938147
39.000000 0.938167
40.000000 0.938127
41.000000 0.938137
42.000000 0.938187
43.000000 0.938177
44.000000 0.938157
45.000000 0.938177
46.000000 0.938167
47.000000 0.938177
48.000000 0.938187
49.000000 0.938177
50.000000 0.938157
0.000000 0.980330
1.000000 0.979662
2.000000 0.978784
3.000000 0.978784
4.000000 0.977807
5.000000 0.977309
6.000000 0.974796
7.000000 0.973620
8.000000 0.972613
9.000000 0.971227
10.000000 0.968864
11.000000 0.966382
12.000000 0.964687
13.000000 0.962195
14.000000 0.959034
15.000000 0.956741
16.000000 0.953491
17.000000 0.950739
18.000000 0.947559
19.000000 0.945515
20.000000 0.943272
21.000000 0.941487
22.000000 0.940430
23.000000 0.939284
24.000000 0.938795
25.000000 0.938716
26.000000 0.938526
27.000000 0.938646
28.000000 0.938576
29.000000 0.938536
30.000000 0.938496
31.000000 0.938586
32.000000 0.938626
33.000000 0.938686
34.000000 0.938566
35.000000 0.938656
36.000000 0.938666
37.000000 0.938696
38.000000 0.938776
39.000000 0.938766
40.000000 0.938815
41.000000 0.938785
42.000000 0.938815
43.000000 0.938815
44.000000 0.938865
45.000000 0.938845
46.000000 0.938895
47.000000 0.938855
48.000000 0.938895
49.000000 0.938885
50.000000 0.938915
