0.000000 0.957868
1.000000 0.952205
2.000000 0.944040
3.000000 0.935984
4.000000 0.922624
5.000000 0.910401
6.000000 0.893503
7.000000 0.875497
8.000000 0.854301
9.000000 0.825439
10.000000 0.794044
11.000000 0.755620
12.000000 0.713717
13.000000 0.664347
14.000000 0.610490
15.000000 0.538558
16.000000 0.475838
17.000000 0.403956
18.000000 0.327737
19.000000 0.257669
20.000000 0.184651
21.000000 0.122389
22.000000 0.082121
23.000000 0.047506
24.000000 0.026739
25.000000 0.012971
26.000000 0.004776
27.000000 0.001426
28.000000 0.000389
29.000000 0.000040
30.000000 0.000030
31.000000 0.000000
32.000000 0.000000
33.000000 0.000000
34.000000 0.000000
35.000000 0.000000
36.000000 0.000000
37.000000 0.000000
38.000000 0.000000
39.000000 0.000000
40.000000 0.000000
41.000000 0.000000
42.000000 0.000000
43.000000 0.000000
44.000000 0.000000
45.000000 0.000000
46.000000 0.000000
47.000000 0.000000
48.000000 0.000000
49.000000 0.000000
50.000000 0.000000
0.000000 0.957977
1.000000 0.952992
2.000000 0.943471
3.000000 0.935904
4.000000 0.923133
5.000000 0.908427
6.000000 0.895806
7.000000 0.872746
8.000000 0.853055
9.000000 0.826177
10.000000 0.792668
11.000000 0.756627
12.000000 0.716150
13.000000 0.661994
14.000000 0.605017
15.000000 0.541429
16.000000 0.464094
17.000000 0.398871
18.000000 0.332463
19.000000 0.258158
20.000000 0.180852
21.000000 0.129687
22.000000 0.083986
23.000000 0.047466
24.000000 0.026370
25.000000 0.013429
26.000000 0.004217
27.000000 0.001326
28.000000 0.000329
29.000000 0.000050
30.000000 0.000010
31.000000 0.000000
32.000000 0.000000
33.000000 0.000000
34.000000 0.000000
35.000000 0.000000
36.000000 0.000000
37.000000 0.000000
38.000000 0.000000
39.000000 0.000000
40.000000 0.000000
41.000000 0.000000
42.000000 0.000000
43.000000 0.000000
44.000000 0.000000
45.000000 0.000000
46.000000 0.000000
47.000000 0.000000
48.000000 0.000000
49.000000 0.000000
50.000000 0.000000
0.000000 0.957399
1.000000 0.951148
2.000000 0.943800
3.000000 0.935386
4.000000 0.923562
5.000000 0.908796
6.000000 0.892137
7.000000 0.877740
8.000000 0.850583
9.000000 0.827204
10.000000 0.793585
11.000000 0.756089
12.000000 0.716479
13.000000 0.664088
14.000000 0.601328
15.000000 0.538478
16.000000 0.468819
17.000000 0.394196
18.000000 0.328943
19.000000 0.251348
20.000000 0.182417
21.000000 0.128999
22.000000 0.078402
23.000000 0.047357
24.000000 0.026779
25.000000 0.012452
26.000000 0.004955
27.000000 0.001675
28.000000 0.000528
29.000000 0.000100
30.000000 0.000010
31.000000 0.000000
32.000000 0.000000
33.000000 0.000000
34.000000 0.000000
35.000000 0.000000
36.000000 0.000000
37.000000 0.000000
38.000000 0.000000
39.000000 0.000000
40.000000 0.000000
41.000000 0.000000
42.000000 0.000000
43.000000 0.000000
44.000000 0.000000
45.000000 0.000000
46.000000 0.000000
47.000000 0.000000
48.000000 0.000000
49.000000 0.000000
50.000000 0.000000
0.000000 0.956950
1.000000 0.951258
2.000000 0.943112
3.000000 0.935705
4.000000 0.923173
5.000000 0.909933
6.000000 0.891997
7.000000 0.875677
8.000000 0.851759
9.000000 0.823973
10.000000 0.796686
11.000000 0.759907
12.000000 0.707337
13.000000 0.661855
14.000000 0.605705
15.000000 0.540931
16.000000 0.469617
17.000000 0.400606
18.000000 0.328196
19.000000 0.253831
20.000000 0.188658
21.000000 0.134831
22.000000 0.084295
23.000000 0.049011
24.000000 0.025782
25.000000 0.011754
26.000000 0.004536
27.000000 0.001545
28.000000 0.000638
29.000000 0.000110
30.000000 0.000000
31.000000 0.000000
32.000000 0.000000
33.000000 0.000000
34.000000 0.000000
35.000000 0.000000
36.000000 0.000000
37.000000 0.000000
38.000000 0.000000
39.000000 0.000000
40.000000 0.000000
41.000000 0.000000
42.000000 0.000000
43.000000 0.000000
44.000000 0.000000
45.000000 0.000000
46.000000 0.000000
47.000000 0.000000
48.000000 0.000000
49.000000 0.000000
50.000000 0.000000
0.000000 0.958875
1.000000 0.952404
2.000000 0.944289
3.000000 0.933721
4.000000 0.924070
5.000000 0.910770
6.000000 0.895796
7.000000 0.876175
8.000000 0.853205
9.000000 0.826556
10.000000 0.795240
11.000000 0.757275
12.000000 0.717097
13.000000 0.661725
14.000000 0.605266
15.000000 0.547720
16.000000 0.474442
17.000000 0.400776
18.000000 0.329851
19.000000 0.255007
20.000000 0.190632
21.000000 0.134572
22.000000 0.082779
23.000000 0.050607
24.000000 0.026679
25.000000 0.011196
26.000000 0.005384
27.000000 0.002881
28.000000 0.000937
29.000000 0.000090
30.000000 0.000090
31.000000 0.000050
32.000000 0.000030
33.000000 0.000000
34.000000 0.000000
35.000000 0.000000
36.000000 0.000000
37.000000 0.000000
38.000000 0.000000
39.000000 0.000000
40.000000 0.000000
41.000000 0.000000
42.000000 0.000000
43.000000 0.000000
44.000000 0.000000
45.000000 0.000000
46.000000 0.000000
47.000000 0.000000
48.000000 0.000000
49.000000 0.000000
50.000000 0.000000
0.000000 0.957549
1.000000 0.952653
2.000000 0.946881
3.000000 0.937240
4.000000 0.926592
5.000000 0.912994
6.000000 0.897939
7.000000 0.878269
8.000000 0.856295
9.000000 0.828480
10.000000 0.801302
11.000000 0.759559
12.000000 0.720617
13.000000 0.673729
14.000000 0.610490
15.000000 0.549076
16.000000 0.488540
17.000000 0.416957
18.000000 0.342532
19.000000 0.273581
20.000000 0.199745
21.000000 0.144293
22.000000 0.096767
23.000000 0.059250
24.000000 0.033798
25.000000 0.023329
26.000000 0.013599
27.000000 0.009770
28.000000 0.007457
29.000000 0.007118
30.000000 0.005802
31.000000 0.005264
32.000000 0.004885
33.000000 0.004197
34.000000 0.004068
35.000000 0.002871
36.000000 0.001775
37.000000 0.001466
38.000000 0.001615
39.000000 0.000957
40.000000 0.000608
41.000000 0.000219
42.000000 0.000229
43.000000 0.000060
44.000000 0.000040
45.000000 0.000020
46.000000 0.000000
47.000000 0.000010
48.000000 0.000000
49.000000 0.000000
50.000000 0.000000
0.000000 0.973610
1.000000 0.969004
2.000000 0.963999
3.000000 0.958546
4.000000 0.950650
5.000000 0.938556
6.000000 0.928547
7.000000 0.915436
8.000000 0.895377
9.000000 0.880422
10.000000 0.858130
11.000000 0.826097
12.000000 0.796387
13.000000 0.757814
14.000000 0.709062
15.000000 0.660339
16.000000 0.597539
17.000000 0.541090
18.000000 0.472618
19.000000 0.401324
20.000000 0.326700
21.000000 0.258856
22.000000 0.200363
23.000000 0.142000
24.000000 0.099668
25.000000 0.066040
26.000000 0.047357
27.000000 0.035064
28.000000 0.028464
29.000000 0.025303
30.000000 0.024107
31.000000 0.022931
32.000000 0.022801
33.000000 0.021674
34.000000 0.020308
35.000000 0.020428
36.000000 0.017756
37.000000 0.018225
38.000000 0.016021
39.000000 0.015254
40.000000 0.014745
41.000000 0.013539
42.000000 0.010688
43.000000 0.010538
44.000000 0.008175
45.000000 0.007527
46.000000 0.004337
47.000000 0.005214
48.000000 0.003539
49.000000 0.002792
50.000000 0.001715
